0.000000000000000000e+00,3.345605731010437012e-01,0.000000000000000000e+00,4.955981969833374023e-01,2.201287150382995605e-01,2.607717514038085938e-01,4.737387299537658691e-01,0.000000000000000000e+00,0.000000000000000000e+00,2.440233826637268066e-01,3.391140699386596680e-01,3.639175295829772949e-01
0.000000000000000000e+00,2.583140134811401367e-01,0.000000000000000000e+00,4.254733324050903320e-01,2.379766702651977539e-01,1.247418522834777832e-01,-1.888569593429565430e-01,0.000000000000000000e+00,1.253755092620849609e-01,2.536453604698181152e-01,3.433782458305358887e-01,2.266418933868408203e-01
0.000000000000000000e+00,2.514891028404235840e-01,0.000000000000000000e+00,3.921526074409484863e-01,1.994040012359619141e-01,4.162068367004394531e-01,-1.774852275848388672e-01,2.832037210464477539e-01,1.520608663558959961e-01,3.660401105880737305e-01,3.613561987876892090e-01,2.239016294479370117e-01
8.322030305862426758e-02,3.115992546081542969e-01,3.937748074531555176e-01,-1.091398000717163086e-01,4.087957143783569336e-01,5.418336391448974609e-01,5.275493860244750977e-01,5.053600072860717773e-01,4.441861510276794434e-01,4.633745551109313965e-01,5.887274742126464844e-01,2.987213730812072754e-01
2.816052436828613281e-01,3.299138545989990234e-01,6.122115850448608398e-01,-8.028460741043090820e-01,2.103686928749084473e-01,5.491069555282592773e-01,4.744018316268920898e-01,5.143603086471557617e-01,4.489294886589050293e-01,5.285012125968933105e-01,5.705693364143371582e-01,2.625223994255065918e-01
3.322522044181823730e-01,3.083918094635009766e-01,6.065596938133239746e-01,7.889068126678466797e-02,8.568358421325683594e-02,5.288745164871215820e-01,4.549224972724914551e-01,4.976782798767089844e-01,4.102976322174072266e-01,5.574954748153686523e-01,6.186191439628601074e-01,3.414701223373413086e-01
2.069078087806701660e-01,1.800402402877807617e-01,5.389950275421142578e-01,-1.692340373992919922e-01,-4.155063629150390625e-02,3.681749701499938965e-01,3.587290644645690918e-01,3.910521864891052246e-01,3.340291380882263184e-01,5.027885437011718750e-01,5.200700759887695312e-01,1.651715040206909180e-01
2.648774385452270508e-01,9.765797853469848633e-02,5.561190843582153320e-01,-2.697935104370117188e-01,2.637330293655395508e-01,4.008550047874450684e-01,3.750686645507812500e-01,3.957098126411437988e-01,2.775100469589233398e-01,5.394611358642578125e-01,5.582194328308105469e-01,2.262883186340332031e-01
2.820994853973388672e-01,1.039998531341552734e-01,5.813325047492980957e-01,0.000000000000000000e+00,3.076128959655761719e-01,2.547937631607055664e-01,3.844323754310607910e-01,3.760351538658142090e-01,3.760444521903991699e-01,5.690965056419372559e-01,5.846849679946899414e-01,2.596670985221862793e-01
1.888226866722106934e-01,1.461139917373657227e-01,6.225732564926147461e-01,0.000000000000000000e+00,2.457450628280639648e-01,1.207070946693420410e-01,4.209550023078918457e-01,3.317751884460449219e-01,3.653323054313659668e-01,5.667957067489624023e-01,5.758525133132934570e-01,2.249255180358886719e-01
1.101248860359191895e-01,5.505031347274780273e-02,5.829507112503051758e-01,-4.816557168960571289e-01,1.507658362388610840e-01,3.147349953651428223e-01,3.751099109649658203e-01,4.023542404174804688e-01,2.973997592926025391e-01,4.966584444046020508e-01,4.971464276313781738e-01,9.970355033874511719e-02
1.283906698226928711e-01,6.867611408233642578e-02,6.060400605201721191e-01,-1.657415628433227539e-01,1.661627888679504395e-01,3.831312060356140137e-01,3.685477972030639648e-01,4.709078669548034668e-01,3.159778714179992676e-01,4.915016293525695801e-01,4.744685292243957520e-01,8.197724819183349609e-02
6.667858362197875977e-02,4.343670606613159180e-02,5.577837228775024414e-01,-1.504886150360107422e-01,2.583711147308349609e-01,4.083278179168701172e-01,3.198892474174499512e-01,4.325380921363830566e-01,2.543482780456542969e-01,4.289932250976562500e-01,4.450454711914062500e-01,2.779626846313476562e-02
4.897886514663696289e-02,6.330305337905883789e-02,5.624039173126220703e-01,-4.270839691162109375e-02,3.418070673942565918e-01,4.563261866569519043e-01,3.416375517845153809e-01,4.477849602699279785e-01,1.827348470687866211e-01,4.310789108276367188e-01,4.438835978507995605e-01,1.229038238525390625e-01
-1.182818412780761719e-02,2.071434259414672852e-02,5.479890704154968262e-01,1.796716451644897461e-02,3.144040107727050781e-01,5.439316034317016602e-01,3.557839989662170410e-01,5.073164105415344238e-01,1.414462327957153320e-01,3.759629130363464355e-01,3.851373195648193359e-01,2.564132213592529297e-01
-1.032481193542480469e-01,6.041735410690307617e-02,4.953982234001159668e-01,3.311914205551147461e-02,2.294082641601562500e-01,5.686250925064086914e-01,3.103380799293518066e-01,5.434134602546691895e-01,1.681481003761291504e-01,2.816405892372131348e-01,2.619215250015258789e-01,1.801025271415710449e-01
-2.046340703964233398e-01,5.015385150909423828e-02,4.515026211738586426e-01,6.931918859481811523e-02,2.023723721504211426e-01,5.535404086112976074e-01,3.255153894424438477e-01,5.653145313262939453e-01,2.916695475578308105e-01,2.318566441535949707e-01,2.242051959037780762e-01,1.521291136741638184e-01
-4.794102907180786133e-01,2.775955200195312500e-02,3.372300267219543457e-01,-3.917860984802246094e-02,2.218014597892761230e-01,4.560959339141845703e-01,2.904987335205078125e-01,4.876201748847961426e-01,3.989772200584411621e-01,2.532347440719604492e-01,2.809864878654479980e-01,8.258700370788574219e-02
0.000000000000000000e+00,-1.875114440917968750e-02,1.281033754348754883e-01,-7.031446695327758789e-01,2.178846001625061035e-01,2.587798833847045898e-01,2.202441096305847168e-01,3.235484957695007324e-01,4.023177027702331543e-01,1.762794256210327148e-01,2.614235877990722656e-01,5.941587686538696289e-02
0.000000000000000000e+00,2.087372541427612305e-02,3.792643547058105469e-04,0.000000000000000000e+00,2.007713913917541504e-01,2.453169226646423340e-01,2.264733314514160156e-01,2.445129752159118652e-01,3.929591774940490723e-01,1.381861567497253418e-01,2.597588896751403809e-01,5.865865945816040039e-02
-1.292011976242065430e+00,4.650372266769409180e-02,-1.015520095825195312e-01,0.000000000000000000e+00,2.402454614639282227e-01,2.276815772056579590e-01,2.227401733398437500e-01,2.036091089248657227e-01,4.081451296806335449e-01,1.034869551658630371e-01,2.773973941802978516e-01,5.485326051712036133e-02
-5.210055112838745117e-01,4.183655977249145508e-02,0.000000000000000000e+00,0.000000000000000000e+00,2.808582782745361328e-01,6.338477134704589844e-02,1.814877390861511230e-01,-1.066532135009765625e-01,4.193001389503479004e-01,5.971902608871459961e-02,3.092663884162902832e-01,8.364236354827880859e-02
-3.992596864700317383e-01,-1.921296119689941406e-03,0.000000000000000000e+00,0.000000000000000000e+00,3.294356465339660645e-01,-2.772711515426635742e-01,1.532198190689086914e-01,0.000000000000000000e+00,3.954984545707702637e-01,4.345631599426269531e-02,3.150001168251037598e-01,1.482540369033813477e-01
-2.085421085357666016e-01,-3.953814506530761719e-03,0.000000000000000000e+00,0.000000000000000000e+00,3.364300727844238281e-01,0.000000000000000000e+00,1.522135138511657715e-01,0.000000000000000000e+00,3.751284480094909668e-01,1.080154776573181152e-01,3.093461394309997559e-01,1.740890741348266602e-01
-4.420977830886840820e-01,4.471588134765625000e-02,0.000000000000000000e+00,0.000000000000000000e+00,3.071244359016418457e-01,0.000000000000000000e+00,1.903643012046813965e-01,0.000000000000000000e+00,3.624981641769409180e-01,1.165123581886291504e-01,2.827103734016418457e-01,1.610173583030700684e-01
0.000000000000000000e+00,1.006201505661010742e-01,-5.538759231567382812e-01,0.000000000000000000e+00,2.978631854057312012e-01,-2.645490169525146484e-01,1.994310021400451660e-01,0.000000000000000000e+00,3.811085820198059082e-01,1.010240316390991211e-01,1.912152171134948730e-01,1.250495314598083496e-01
0.000000000000000000e+00,1.585953235626220703e-01,-1.086983680725097656e-01,0.000000000000000000e+00,3.134421706199645996e-01,5.857336521148681641e-02,1.876803636550903320e-01,-1.002746820449829102e-01,3.995144367218017578e-01,8.250612020492553711e-02,7.699143886566162109e-02,6.642884016036987305e-02
-7.745431661605834961e-01,1.428729295730590820e-01,-3.185646533966064453e-01,0.000000000000000000e+00,3.086629509925842285e-01,-2.724132537841796875e-01,1.526718139648437500e-01,0.000000000000000000e+00,3.999412059783935547e-01,7.254523038864135742e-02,1.172298192977905273e-01,8.740985393524169922e-02
-2.227623462677001953e-01,1.080511212348937988e-01,0.000000000000000000e+00,0.000000000000000000e+00,2.857802510261535645e-01,0.000000000000000000e+00,1.497388482093811035e-01,0.000000000000000000e+00,3.946005105972290039e-01,8.094251155853271484e-02,1.916629672050476074e-01,1.688063144683837891e-01
-2.289665937423706055e-01,1.297447085380554199e-01,0.000000000000000000e+00,0.000000000000000000e+00,2.885748147964477539e-01,0.000000000000000000e+00,1.770319342613220215e-01,0.000000000000000000e+00,3.820173144340515137e-01,6.745433807373046875e-02,1.909866929054260254e-01,1.849257349967956543e-01
-2.145805358886718750e-01,1.120679974555969238e-01,-3.435398340225219727e-01,0.000000000000000000e+00,3.123227357864379883e-01,0.000000000000000000e+00,1.638329029083251953e-01,0.000000000000000000e+00,3.963977694511413574e-01,1.100164055824279785e-01,1.840227246284484863e-01,1.996347904205322266e-01
-1.957885026931762695e-01,1.134338378906250000e-01,-4.167535305023193359e-01,0.000000000000000000e+00,3.299977183341979980e-01,0.000000000000000000e+00,1.550787687301635742e-01,0.000000000000000000e+00,3.955460786819458008e-01,3.874391317367553711e-02,2.200947403907775879e-01,2.299358248710632324e-01
-9.526920318603515625e-02,1.361653804779052734e-01,-2.782592773437500000e-01,0.000000000000000000e+00,3.320172429084777832e-01,0.000000000000000000e+00,1.093304157257080078e-01,0.000000000000000000e+00,4.000699520111083984e-01,4.064917564392089844e-02,1.639346480369567871e-01,2.151451110839843750e-01
-1.313205957412719727e-01,1.591604948043823242e-01,-1.267671585083007812e-01,0.000000000000000000e+00,3.185911178588867188e-01,0.000000000000000000e+00,1.422383189201354980e-01,0.000000000000000000e+00,3.994325399398803711e-01,5.023050308227539062e-02,1.743201017379760742e-01,1.916995048522949219e-01
-6.099534034729003906e-02,1.612699031829833984e-01,1.258152723312377930e-02,0.000000000000000000e+00,3.537808656692504883e-01,0.000000000000000000e+00,1.147227883338928223e-01,0.000000000000000000e+00,3.985589146614074707e-01,7.213342189788818359e-02,1.510184407234191895e-01,2.030006051063537598e-01
-1.357849836349487305e-01,1.133826971054077148e-01,-2.322924137115478516e-02,0.000000000000000000e+00,2.999309897422790527e-01,0.000000000000000000e+00,8.115690946578979492e-02,0.000000000000000000e+00,3.353964686393737793e-01,1.731044054031372070e-02,1.106417179107666016e-01,1.231319904327392578e-01
-8.870351314544677734e-02,1.035770177841186523e-01,9.206056594848632812e-03,0.000000000000000000e+00,3.046900629997253418e-01,0.000000000000000000e+00,8.935379981994628906e-02,0.000000000000000000e+00,2.845854759216308594e-01,4.305619001388549805e-02,1.738573312759399414e-01,9.936529397964477539e-02
-7.291114330291748047e-02,1.142494678497314453e-01,2.307933568954467773e-02,0.000000000000000000e+00,2.878883481025695801e-01,0.000000000000000000e+00,9.006690979003906250e-02,0.000000000000000000e+00,2.779827713966369629e-01,1.691305637359619141e-02,1.605967283248901367e-01,6.050759553909301758e-02
-5.665075778961181641e-02,1.257092952728271484e-01,7.544398307800292969e-02,0.000000000000000000e+00,3.075996637344360352e-01,0.000000000000000000e+00,1.004774570465087891e-01,0.000000000000000000e+00,2.999583482742309570e-01,-1.935362815856933594e-03,1.533198952674865723e-01,4.024720191955566406e-02
1.937246322631835938e-02,6.306874752044677734e-02,1.046297550201416016e-01,0.000000000000000000e+00,3.204491138458251953e-01,0.000000000000000000e+00,-3.553748130798339844e-03,0.000000000000000000e+00,2.502182126045227051e-01,-1.675581932067871094e-02,5.640846490859985352e-02,7.240712642669677734e-03
-7.439255714416503906e-03,2.126896381378173828e-02,1.419500112533569336e-01,-4.771522283554077148e-01,3.245644569396972656e-01,0.000000000000000000e+00,-1.564999818801879883e-01,0.000000000000000000e+00,1.816300749778747559e-01,2.712106704711914062e-02,2.880305051803588867e-02,-2.330541610717773438e-04
4.199922084808349609e-03,3.391486406326293945e-02,1.888507008552551270e-01,9.879648685455322266e-03,3.040074110031127930e-01,0.000000000000000000e+00,-1.307090520858764648e-01,0.000000000000000000e+00,1.859086155891418457e-01,1.180127859115600586e-01,8.005994558334350586e-02,-1.180946826934814453e-02
7.659864425659179688e-02,2.467626333236694336e-02,2.577660083770751953e-01,3.936767578125000000e-02,3.031383752822875977e-01,0.000000000000000000e+00,2.259504795074462891e-02,0.000000000000000000e+00,1.843518018722534180e-01,1.722087860107421875e-01,1.046603322029113770e-01,7.044792175292968750e-03
8.201462030410766602e-02,5.773305892944335938e-03,2.212243080139160156e-01,1.194814443588256836e-01,2.792211174964904785e-01,0.000000000000000000e+00,-2.789831161499023438e-02,0.000000000000000000e+00,1.809917688369750977e-01,1.716243624687194824e-01,1.107233762741088867e-01,5.147039890289306641e-02
1.146274209022521973e-01,3.620374202728271484e-02,1.553502082824707031e-01,2.273000478744506836e-01,2.561509013175964355e-01,0.000000000000000000e+00,-7.283854484558105469e-02,0.000000000000000000e+00,1.833724379539489746e-01,1.429153084754943848e-01,9.420186281204223633e-02,4.724198579788208008e-02
1.094609498977661133e-01,7.943123579025268555e-02,1.198656558990478516e-01,1.996826529502868652e-01,2.355400919914245605e-01,0.000000000000000000e+00,-2.774059772491455078e-02,0.000000000000000000e+00,1.252563595771789551e-01,9.951931238174438477e-02,1.374878287315368652e-01,3.312015533447265625e-02
1.152076125144958496e-01,8.674997091293334961e-02,1.074308753013610840e-01,2.212807536125183105e-01,2.477095127105712891e-01,0.000000000000000000e+00,4.735916852951049805e-02,0.000000000000000000e+00,2.571511268615722656e-02,9.672796726226806641e-02,1.702591776847839355e-01,6.281781196594238281e-02
1.242418885231018066e-01,1.040188074111938477e-01,1.318038702011108398e-01,2.560348510742187500e-01,2.832363843917846680e-01,0.000000000000000000e+00,7.435965538024902344e-02,0.000000000000000000e+00,2.566260099411010742e-02,1.245422959327697754e-01,2.088735699653625488e-01,1.284868717193603516e-01
1.210435032844543457e-01,9.795445203781127930e-02,1.790003180503845215e-01,2.780613899230957031e-01,2.872748374938964844e-01,0.000000000000000000e+00,5.248564481735229492e-02,0.000000000000000000e+00,-4.274725914001464844e-03,1.858018040657043457e-01,2.220571637153625488e-01,1.595818400382995605e-01
1.255874633789062500e-01,1.008921265602111816e-01,2.137206196784973145e-01,3.006007075309753418e-01,2.857404351234436035e-01,0.000000000000000000e+00,6.537896394729614258e-02,-3.236784934997558594e-01,2.641600370407104492e-02,2.282195091247558594e-01,2.697093486785888672e-01,1.780934333801269531e-01
1.126120090484619141e-01,9.929746389389038086e-02,2.287771105766296387e-01,3.070521354675292969e-01,2.457404136657714844e-01,0.000000000000000000e+00,4.780828952789306641e-02,0.000000000000000000e+00,-1.243602037429809570e-01,2.355262637138366699e-01,2.570477128028869629e-01,1.784659028053283691e-01
1.491894721984863281e-01,1.110228300094604492e-01,2.443094253540039062e-01,2.822576761245727539e-01,2.514153718948364258e-01,0.000000000000000000e+00,7.417261600494384766e-02,-3.250107765197753906e-01,-8.852005004882812500e-02,2.426099777221679688e-01,2.692137956619262695e-01,1.756300330162048340e-01
1.443817019462585449e-01,9.567451477050781250e-02,2.390522360801696777e-01,2.750203013420104980e-01,2.555814981460571289e-01,0.000000000000000000e+00,1.231017708778381348e-01,-1.169600486755371094e-01,-2.937066555023193359e-02,2.423173189163208008e-01,2.965592145919799805e-01,1.621144413948059082e-01
1.576611399650573730e-01,1.127439737319946289e-01,2.305044531822204590e-01,2.786841392517089844e-01,2.752592563629150391e-01,0.000000000000000000e+00,1.344038844108581543e-01,-3.187174797058105469e-01,-4.364764690399169922e-02,2.130951881408691406e-01,2.733523845672607422e-01,1.796076893806457520e-01
1.532542109489440918e-01,1.045721769332885742e-01,2.742569446563720703e-01,2.703341841697692871e-01,2.986019849777221680e-01,0.000000000000000000e+00,1.322078704833984375e-01,0.000000000000000000e+00,4.433619976043701172e-02,2.345128655433654785e-01,2.595618367195129395e-01,1.858975887298583984e-01
1.342852711677551270e-01,1.089739799499511719e-01,2.791519761085510254e-01,2.813645005226135254e-01,3.059549927711486816e-01,0.000000000000000000e+00,1.084765791893005371e-01,0.000000000000000000e+00,3.870171308517456055e-02,2.405557036399841309e-01,2.591229081153869629e-01,1.647354960441589355e-01
1.253426074981689453e-01,1.033374071121215820e-01,2.902061343193054199e-01,2.497417926788330078e-01,2.843620777130126953e-01,0.000000000000000000e+00,1.219049096107482910e-01,0.000000000000000000e+00,1.244461536407470703e-02,2.774990200996398926e-01,2.488741874694824219e-01,1.597976684570312500e-01
1.049679517745971680e-01,1.035164594650268555e-01,2.938134670257568359e-01,2.991427779197692871e-01,2.337532639503479004e-01,0.000000000000000000e+00,1.013388037681579590e-01,0.000000000000000000e+00,-1.151287555694580078e-02,2.804118990898132324e-01,2.007624506950378418e-01,1.938166022300720215e-01
1.267744898796081543e-01,1.230952739715576172e-01,2.799687385559082031e-01,3.215726017951965332e-01,2.152030467987060547e-01,0.000000000000000000e+00,8.006632328033447266e-02,0.000000000000000000e+00,1.039335131645202637e-01,2.937184572219848633e-01,2.255630493164062500e-01,1.889457702636718750e-01
1.265093684196472168e-01,1.653541922569274902e-01,2.930114269256591797e-01,3.661010861396789551e-01,2.319614887237548828e-01,0.000000000000000000e+00,9.998756647109985352e-02,0.000000000000000000e+00,9.658616781234741211e-02,3.000949025154113770e-01,2.409788966178894043e-01,1.874127388000488281e-01
1.391336321830749512e-01,1.656724214553833008e-01,3.157247304916381836e-01,3.865262269973754883e-01,2.539304494857788086e-01,0.000000000000000000e+00,8.513838052749633789e-02,0.000000000000000000e+00,1.704384088516235352e-01,3.052826523780822754e-01,2.213016748428344727e-01,1.520199179649353027e-01
1.094012260437011719e-01,1.634499430656433105e-01,2.566785216331481934e-01,3.951477408409118652e-01,2.449774742126464844e-01,0.000000000000000000e+00,1.031442284584045410e-01,0.000000000000000000e+00,-9.685790538787841797e-02,2.801827788352966309e-01,1.978475451469421387e-01,1.492770314216613770e-01
1.348021030426025391e-01,1.471394896507263184e-01,3.138089179992675781e-01,4.035735726356506348e-01,2.623323798179626465e-01,0.000000000000000000e+00,1.228963732719421387e-01,0.000000000000000000e+00,6.815350055694580078e-02,3.295863270759582520e-01,2.413878440856933594e-01,1.879104971885681152e-01
1.115570068359375000e-01,1.412998437881469727e-01,3.069572448730468750e-01,3.912864923477172852e-01,2.610800266265869141e-01,0.000000000000000000e+00,5.938428640365600586e-02,0.000000000000000000e+00,-3.480148315429687500e-02,3.415182232856750488e-01,2.756237983703613281e-01,2.297819852828979492e-01
1.333658099174499512e-01,1.425577402114868164e-01,3.112028837203979492e-01,3.564622402191162109e-01,2.958565354347229004e-01,0.000000000000000000e+00,1.121783256530761719e-01,0.000000000000000000e+00,3.659915924072265625e-02,3.597943186759948730e-01,3.249732255935668945e-01,1.784856319427490234e-01
8.796477317810058594e-02,1.441966891288757324e-01,2.455331087112426758e-01,3.741689920425415039e-01,3.072201013565063477e-01,0.000000000000000000e+00,4.796141386032104492e-02,0.000000000000000000e+00,-1.605260372161865234e-02,3.502132296562194824e-01,3.010974526405334473e-01,1.610462665557861328e-01
4.710876941680908203e-02,1.259462237358093262e-01,3.186272978782653809e-01,3.175802230834960938e-01,2.639794945716857910e-01,0.000000000000000000e+00,5.731618404388427734e-02,-2.331020832061767578e-01,9.050786495208740234e-03,3.683490753173828125e-01,2.989587187767028809e-01,1.335275173187255859e-01
1.177404522895812988e-01,9.169882535934448242e-02,4.091457128524780273e-01,1.358515620231628418e-01,2.514748573303222656e-01,0.000000000000000000e+00,5.890417098999023438e-02,2.652215957641601562e-01,1.609740853309631348e-01,4.063172936439514160e-01,3.109217882156372070e-01,1.048438549041748047e-01
9.320479631423950195e-02,6.099903583526611328e-02,4.536545872688293457e-01,-3.105342388153076172e-02,2.399314641952514648e-01,0.000000000000000000e+00,9.747624397277832031e-02,3.525488376617431641e-01,1.475591063499450684e-01,4.316355586051940918e-01,3.592026829719543457e-01,1.892249584197998047e-01
1.222867369651794434e-01,1.667605042457580566e-01,3.487887382507324219e-01,1.440141797065734863e-01,3.175984621047973633e-01,-2.215448617935180664e-01,1.745693683624267578e-01,3.358721137046813965e-01,1.480190157890319824e-01,4.203245043754577637e-01,4.216786026954650879e-01,1.872968077659606934e-01
7.318168878555297852e-02,1.873567104339599609e-01,2.855658531188964844e-01,-5.851614475250244141e-02,2.943552136421203613e-01,0.000000000000000000e+00,1.682150363922119141e-01,2.417291998863220215e-01,-5.599867105484008789e-01,4.022406935691833496e-01,4.205909371376037598e-01,1.811615228652954102e-01
7.010245323181152344e-02,1.914191842079162598e-01,2.923988103866577148e-01,-2.922481298446655273e-01,2.623889446258544922e-01,0.000000000000000000e+00,1.590051054954528809e-01,2.229318022727966309e-01,0.000000000000000000e+00,4.042627215385437012e-01,4.123651981353759766e-01,1.695556640625000000e-01
1.683706045150756836e-02,2.303387522697448730e-01,2.832950949668884277e-01,0.000000000000000000e+00,2.759587168693542480e-01,6.551247835159301758e-02,1.847110390663146973e-01,2.579501271247863770e-01,0.000000000000000000e+00,4.084603786468505859e-01,4.176026582717895508e-01,2.334026694297790527e-01
4.204809665679931641e-02,2.533357143402099609e-01,3.385539054870605469e-01,0.000000000000000000e+00,3.232529163360595703e-01,1.232661008834838867e-01,1.945835351943969727e-01,2.642548084259033203e-01,0.000000000000000000e+00,4.353185892105102539e-01,4.491789340972900391e-01,2.463688850402832031e-01
-8.405447006225585938e-04,2.516850233078002930e-01,3.463646769523620605e-01,0.000000000000000000e+00,3.344856500625610352e-01,1.911266446113586426e-01,2.174813151359558105e-01,2.720239162445068359e-01,0.000000000000000000e+00,4.411245584487915039e-01,4.681578278541564941e-01,2.571734786033630371e-01
-3.013968467712402344e-02,2.694910764694213867e-01,3.431482315063476562e-01,-4.383779764175415039e-01,3.457683920860290527e-01,2.253758311271667480e-01,2.351500988006591797e-01,2.850154042243957520e-01,-2.939385175704956055e-01,4.461155533790588379e-01,4.800354838371276855e-01,2.627465724945068359e-01
-2.326595783233642578e-02,2.838636636734008789e-01,3.394808173179626465e-01,-4.948381185531616211e-01,3.630045056343078613e-01,2.572447657585144043e-01,2.472130656242370605e-01,3.205097317695617676e-01,2.823621034622192383e-02,4.489466547966003418e-01,4.907238483428955078e-01,2.748444080352783203e-01
-2.766323089599609375e-02,3.004461526870727539e-01,3.709385991096496582e-01,0.000000000000000000e+00,4.047285914421081543e-01,2.237453460693359375e-01,2.089871764183044434e-01,3.147718310356140137e-01,1.131520867347717285e-01,4.576552510261535645e-01,5.035048127174377441e-01,2.986204624176025391e-01
-2.732465267181396484e-01,2.720033526420593262e-01,3.673304319381713867e-01,-2.720844745635986328e-02,4.131349325180053711e-01,2.092558741569519043e-01,1.029677391052246094e-01,3.433601856231689453e-01,1.301835179328918457e-01,4.695481657981872559e-01,5.055522918701171875e-01,3.565108180046081543e-01
0.000000000000000000e+00,2.202242016792297363e-01,4.541366696357727051e-01,-2.493730783462524414e-01,4.302076697349548340e-01,2.945131063461303711e-01,3.175199031829833984e-02,4.120547771453857422e-01,2.159683704376220703e-01,4.972676038742065430e-01,5.151013135910034180e-01,3.888556957244873047e-01
-1.555399894714355469e-01,2.277549505233764648e-01,5.453033447265625000e-01,-2.083035707473754883e-01,4.373678565025329590e-01,3.576225638389587402e-01,1.343896985054016113e-01,4.881594777107238770e-01,2.901328206062316895e-01,5.295957922935485840e-01,5.380976200103759766e-01,4.167976379394531250e-01
2.367573976516723633e-02,1.733198165893554688e-01,6.212804317474365234e-01,0.000000000000000000e+00,4.606449604034423828e-01,3.683394789695739746e-01,2.508692145347595215e-01,5.326575636863708496e-01,3.804360628128051758e-01,5.600758790969848633e-01,5.640712976455688477e-01,4.061581492424011230e-01
1.251509189605712891e-01,1.502379179000854492e-01,6.431856155395507812e-01,-1.393107414245605469e+00,4.869145750999450684e-01,4.198285341262817383e-01,2.716023325920104980e-01,5.612466335296630859e-01,4.788656234741210938e-01,5.713393688201904297e-01,5.894216895103454590e-01,4.190888404846191406e-01
9.232872724533081055e-02,1.150525212287902832e-01,6.038217544555664062e-01,1.357339620590209961e-01,5.189566612243652344e-01,4.655968546867370605e-01,3.244469165802001953e-01,5.627004504203796387e-01,4.958529472351074219e-01,5.767161846160888672e-01,6.275435686111450195e-01,4.501348733901977539e-01
5.078548192977905273e-02,1.684249639511108398e-01,5.523098111152648926e-01,2.424049377441406250e-01,5.302224159240722656e-01,5.079455971717834473e-01,2.473424673080444336e-01,5.485050678253173828e-01,4.666454195976257324e-01,5.643596053123474121e-01,6.153839826583862305e-01,4.483099579811096191e-01
-2.269270420074462891e-01,2.131509184837341309e-01,5.506012439727783203e-01,2.671193480491638184e-01,5.357602834701538086e-01,5.041739940643310547e-01,2.926604151725769043e-01,5.369278192520141602e-01,4.447645545005798340e-01,5.665411949157714844e-01,6.211673617362976074e-01,4.511104226112365723e-01
1.341701745986938477e-01,1.680338978767395020e-01,6.304145455360412598e-01,1.612439155578613281e-01,5.674150586128234863e-01,4.907447099685668945e-01,3.094468116760253906e-01,5.852894783020019531e-01,5.153688192367553711e-01,5.989450216293334961e-01,6.142374277114868164e-01,4.524338841438293457e-01
1.530914306640625000e-01,1.985302567481994629e-01,6.450198888778686523e-01,3.439998626708984375e-02,5.817281007766723633e-01,5.008143186569213867e-01,3.316748738288879395e-01,5.944455862045288086e-01,5.063533186912536621e-01,6.022655963897705078e-01,6.184793114662170410e-01,4.869204759597778320e-01
8.712303638458251953e-02,3.108207583427429199e-01,5.454844236373901367e-01,3.049076199531555176e-01,5.955404639244079590e-01,5.245422720909118652e-01,2.866169810295104980e-01,5.692830085754394531e-01,5.052784681320190430e-01,5.871250629425048828e-01,6.352755427360534668e-01,5.146245956420898438e-01
-1.422452926635742188e-02,3.674452900886535645e-01,5.093275904655456543e-01,3.547992110252380371e-01,5.839371681213378906e-01,5.226598978042602539e-01,3.514062166213989258e-01,5.632393360137939453e-01,4.293590188026428223e-01,5.824303627014160156e-01,6.481499671936035156e-01,5.055581927299499512e-01
7.116174697875976562e-02,4.113292694091796875e-01,5.274106264114379883e-01,3.369277119636535645e-01,5.858480334281921387e-01,5.197582840919494629e-01,3.559202551841735840e-01,5.643439292907714844e-01,4.260952472686767578e-01,6.008955240249633789e-01,6.674579381942749023e-01,5.222921371459960938e-01
1.601559519767761230e-01,4.127105474472045898e-01,5.688697099685668945e-01,3.286335468292236328e-01,5.913941860198974609e-01,5.408352613449096680e-01,2.876664996147155762e-01,5.822423696517944336e-01,4.419971108436584473e-01,6.201975345611572266e-01,6.681345105171203613e-01,5.276717543601989746e-01
-1.012010574340820312e-01,4.068165421485900879e-01,5.546179413795471191e-01,4.040279388427734375e-01,5.541043281555175781e-01,5.241001844406127930e-01,2.705259323120117188e-01,5.638049244880676270e-01,3.855939507484436035e-01,6.004191637039184570e-01,6.641886234283447266e-01,5.109151005744934082e-01
-2.244598865509033203e-01,4.025033712387084961e-01,5.439292192459106445e-01,4.732994437217712402e-01,5.856008529663085938e-01,5.544606447219848633e-01,3.146846890449523926e-01,5.675278306007385254e-01,3.072887063026428223e-01,5.892868638038635254e-01,6.710256934165954590e-01,5.410938262939453125e-01
-1.218442916870117188e-01,4.285870790481567383e-01,5.720562338829040527e-01,5.021544694900512695e-01,5.988361835479736328e-01,5.675187706947326660e-01,3.476499915122985840e-01,5.876476764678955078e-01,4.019268155097961426e-01,5.997253656387329102e-01,6.696588993072509766e-01,5.620143413543701172e-01
7.884204387664794922e-03,4.332661032676696777e-01,5.828007459640502930e-01,5.255359411239624023e-01,6.136352419853210449e-01,6.047614812850952148e-01,3.483150601387023926e-01,6.074479818344116211e-01,4.366686940193176270e-01,6.123111248016357422e-01,6.718867421150207520e-01,5.799582004547119141e-01
1.294717788696289062e-01,4.468720555305480957e-01,6.145368814468383789e-01,5.682545900344848633e-01,6.480239629745483398e-01,6.202757358551025391e-01,3.773384094238281250e-01,6.241083145141601562e-01,4.794597029685974121e-01,6.241996288299560547e-01,6.745053529739379883e-01,5.783745646476745605e-01
1.000341176986694336e-01,4.525145888328552246e-01,6.344868540763854980e-01,6.009796857833862305e-01,6.750321388244628906e-01,6.286144852638244629e-01,4.142727255821228027e-01,6.409125328063964844e-01,5.224337577819824219e-01,6.448858976364135742e-01,6.876493692398071289e-01,5.931653380393981934e-01
1.592833995819091797e-01,4.399345517158508301e-01,6.641396284103393555e-01,6.452938318252563477e-01,6.971712708473205566e-01,6.630498170852661133e-01,4.683712124824523926e-01,6.682650446891784668e-01,6.282813549041748047e-01,6.958156228065490723e-01,7.213248014450073242e-01,6.314653754234313965e-01
2.272765040397644043e-01,4.141421318054199219e-01,7.283353805541992188e-01,6.482276916503906250e-01,6.985944509506225586e-01,6.740727424621582031e-01,4.870759248733520508e-01,7.099193334579467773e-01,6.720586419105529785e-01,7.109674215316772461e-01,7.244243621826171875e-01,6.563974618911743164e-01
4.571644663810729980e-01,3.672718405723571777e-01,8.209003806114196777e-01,6.394231319427490234e-01,7.369213700294494629e-01,7.299270629882812500e-01,4.871857166290283203e-01,7.800070047378540039e-01,7.695336341857910156e-01,7.619573473930358887e-01,7.409120202064514160e-01,6.832795739173889160e-01
4.425768256187438965e-01,3.441317081451416016e-01,8.779934644699096680e-01,6.359964609146118164e-01,7.440557479858398438e-01,7.458202242851257324e-01,4.929926395416259766e-01,8.101282119750976562e-01,7.596993446350097656e-01,7.740451693534851074e-01,7.167685627937316895e-01,6.666830182075500488e-01
4.644864201545715332e-01,4.982123970985412598e-01,8.014642000198364258e-01,7.728655338287353516e-01,7.975342273712158203e-01,8.123813867568969727e-01,5.262836217880249023e-01,8.053125143051147461e-01,7.943825721740722656e-01,7.823402881622314453e-01,7.996580600738525391e-01,7.153171896934509277e-01
4.132460355758666992e-01,5.724831223487854004e-01,8.195139169692993164e-01,8.082748055458068848e-01,8.224131464958190918e-01,8.197565078735351562e-01,5.691440105438232422e-01,8.031256794929504395e-01,7.349809408187866211e-01,7.856095433235168457e-01,8.087930083274841309e-01,7.377514839172363281e-01
5.782839059829711914e-01,6.650986671447753906e-01,8.671506643295288086e-01,8.609169125556945801e-01,9.291051030158996582e-01,9.014604687690734863e-01,6.508312821388244629e-01,8.712317347526550293e-01,8.626800775527954102e-01,8.611896634101867676e-01,8.845213055610656738e-01,8.245360851287841797e-01
5.108004808425903320e-01,7.189960479736328125e-01,8.942798972129821777e-01,9.431376457214355469e-01,9.610643386840820312e-01,9.598004221916198730e-01,6.900093555450439453e-01,9.036328196525573730e-01,8.868201375007629395e-01,8.905146121978759766e-01,9.001347422599792480e-01,8.563834428787231445e-01
6.151871681213378906e-01,7.893429994583129883e-01,9.689683914184570312e-01,1.030635237693786621e+00,1.045863389968872070e+00,9.870617985725402832e-01,7.600405216217041016e-01,9.682291150093078613e-01,9.242509603500366211e-01,9.620171785354614258e-01,9.888705015182495117e-01,9.491174221038818359e-01
9.265730977058410645e-01,1.006413459777832031e+00,1.246665596961975098e+00,1.250350236892700195e+00,1.262850403785705566e+00,1.220177769660949707e+00,1.009453058242797852e+00,1.235394001007080078e+00,1.231483340263366699e+00,1.207212328910827637e+00,1.218275308609008789e+00,1.166978240013122559e+00
0.000000000000000000e+00,0.000000000000000000e+00,0.000000000000000000e+00,0.000000000000000000e+00,0.000000000000000000e+00,0.000000000000000000e+00,0.000000000000000000e+00,0.000000000000000000e+00,0.000000000000000000e+00,0.000000000000000000e+00,0.000000000000000000e+00,0.000000000000000000e+00
