6.232203292846679688e+01,5.848759078979492188e+01,6.528568267822265625e+01,6.311613464355468750e+01,6.492586517333984375e+01,6.399935531616210938e+01,5.376565170288085938e+01,5.204596328735351562e+01,5.991920089721679688e+01,6.077696990966796875e+01,6.291214370727539062e+01,6.536492156982421875e+01
6.030773162841796875e+01,5.819782638549804688e+01,5.243921661376953125e+01,5.822071075439453125e+01,6.022585296630859375e+01,5.848527145385742188e+01,5.639350891113281250e+01,5.637420272827148438e+01,4.322860336303710938e+01,5.481700134277343750e+01,5.654314041137695312e+01,4.953007507324218750e+01
6.329053878784179688e+01,4.920645141601562500e+01,6.825744628906250000e+01,5.091879653930664062e+01,5.952134323120117188e+01,6.179631423950195312e+01,6.014570236206054688e+01,6.161035919189453125e+01,4.987090301513671875e+01,5.455125045776367188e+01,6.665039825439453125e+01,5.683910751342773438e+01
5.673468780517578125e+01,5.832852172851562500e+01,5.983043289184570312e+01,6.523189544677734375e+01,6.397192764282226562e+01,6.362154006958007812e+01,6.190885925292968750e+01,5.922325515747070312e+01,5.876070785522460938e+01,5.813419723510742188e+01,6.048848724365234375e+01,6.266299438476562500e+01
5.827954101562500000e+01,6.250126266479492188e+01,5.931164169311523438e+01,6.086657333374023438e+01,6.513352203369140625e+01,5.319563293457031250e+01,5.403220748901367188e+01,6.080142593383789062e+01,6.084048080444335938e+01,6.910762023925781250e+01,5.730852890014648438e+01,6.623256683349609375e+01
6.346374893188476562e+01,6.468352508544921875e+01,6.840328216552734375e+01,6.209725570678710938e+01,6.397860717773437500e+01,6.679080200195312500e+01,6.146431350708007812e+01,6.197613143920898438e+01,6.603117370605468750e+01,6.272471618652343750e+01,6.616859436035156250e+01,6.466702270507812500e+01
6.846188354492187500e+01,6.824348449707031250e+01,6.726527404785156250e+01,6.671264648437500000e+01,6.407298278808593750e+01,7.218898010253906250e+01,6.525041198730468750e+01,6.341214752197265625e+01,6.792930603027343750e+01,7.114376068115234375e+01,6.337654876708984375e+01,6.838083648681640625e+01
7.381191253662109375e+01,7.453810119628906250e+01,6.831636810302734375e+01,7.443920898437500000e+01,7.469548797607421875e+01,7.330510711669921875e+01,7.088729858398437500e+01,7.000919342041015625e+01,6.542951202392578125e+01,7.348902130126953125e+01,7.294384765625000000e+01,7.539046478271484375e+01
7.462451171875000000e+01,7.287111663818359375e+01,6.965451812744140625e+01,7.142291259765625000e+01,7.592374420166015625e+01,7.419180297851562500e+01,7.442642211914062500e+01,6.762489318847656250e+01,6.481910705566406250e+01,7.033361816406250000e+01,7.392773437500000000e+01,7.386029815673828125e+01
8.029284667968750000e+01,7.993697357177734375e+01,7.502960205078125000e+01,7.851709747314453125e+01,8.288721466064453125e+01,7.898277282714843750e+01,7.957929992675781250e+01,7.346370697021484375e+01,7.133224487304687500e+01,7.159801483154296875e+01,8.075530242919921875e+01,7.631388092041015625e+01
8.013614654541015625e+01,8.348773193359375000e+01,7.903314971923828125e+01,8.070571899414062500e+01,8.121686553955078125e+01,8.169022369384765625e+01,7.731106567382812500e+01,7.916513061523437500e+01,7.270947265625000000e+01,7.457854461669921875e+01,8.140095520019531250e+01,7.652223968505859375e+01
7.571252441406250000e+01,7.606423950195312500e+01,7.351110076904296875e+01,7.179135894775390625e+01,7.423098754882812500e+01,7.269842529296875000e+01,7.263652801513671875e+01,7.261613464355468750e+01,6.923697662353515625e+01,6.681861877441406250e+01,7.420401000976562500e+01,7.399468994140625000e+01
7.507437896728515625e+01,7.594317626953125000e+01,7.366290283203125000e+01,6.902001190185546875e+01,7.457674407958984375e+01,7.338302612304687500e+01,7.280944061279296875e+01,7.475661468505859375e+01,6.844605255126953125e+01,6.765209960937500000e+01,7.429342651367187500e+01,7.347617340087890625e+01
7.893018341064453125e+01,8.178714752197265625e+01,6.899275970458984375e+01,7.907396697998046875e+01,7.913016510009765625e+01,7.296266937255859375e+01,8.063962554931640625e+01,8.061222076416015625e+01,6.573017120361328125e+01,7.663748931884765625e+01,8.017848205566406250e+01,7.183075714111328125e+01
7.857952117919921875e+01,8.016763305664062500e+01,7.141432952880859375e+01,7.621816253662109375e+01,8.088516998291015625e+01,7.979762268066406250e+01,7.982997131347656250e+01,7.908773040771484375e+01,6.948594665527343750e+01,7.926109313964843750e+01,7.803340911865234375e+01,7.672045898437500000e+01
7.887037658691406250e+01,8.061585235595703125e+01,7.068694305419921875e+01,7.759218597412109375e+01,8.223483276367187500e+01,7.885683441162109375e+01,8.053160858154296875e+01,8.024260711669921875e+01,6.933238220214843750e+01,8.172928619384765625e+01,8.022808837890625000e+01,7.395095825195312500e+01
8.241973114013671875e+01,8.276925659179687500e+01,7.505870056152343750e+01,7.968453216552734375e+01,8.713086700439453125e+01,8.298942565917968750e+01,8.212866210937500000e+01,8.236230468750000000e+01,7.380757904052734375e+01,8.467474365234375000e+01,8.364411163330078125e+01,7.830744934082031250e+01
8.309009552001953125e+01,8.558769989013671875e+01,8.024888610839843750e+01,8.636921691894531250e+01,8.968402099609375000e+01,8.301053619384765625e+01,8.359656524658203125e+01,8.463916778564453125e+01,7.742325592041015625e+01,8.620518493652343750e+01,8.543643188476562500e+01,8.246783447265625000e+01
8.567051696777343750e+01,8.710852813720703125e+01,8.638758087158203125e+01,8.957469940185546875e+01,9.333769226074218750e+01,8.806381225585937500e+01,8.750675964355468750e+01,8.933187866210937500e+01,8.228479766845703125e+01,8.939987945556640625e+01,8.991794586181640625e+01,8.777118682861328125e+01
8.250925445556640625e+01,8.913694763183593750e+01,7.597033691406250000e+01,9.999373626708984375e+01,9.461580657958984375e+01,7.903829956054687500e+01,8.525610351562500000e+01,8.969601440429687500e+01,7.670933532714843750e+01,8.915955352783203125e+01,9.303449249267578125e+01,8.241547393798828125e+01
8.383860015869140625e+01,8.105653381347656250e+01,7.972520446777343750e+01,9.886064147949218750e+01,8.985314178466796875e+01,7.111280059814453125e+01,8.236153411865234375e+01,8.487544250488281250e+01,7.632411956787109375e+01,9.124373626708984375e+01,8.607321929931640625e+01,7.707324981689453125e+01
8.057958221435546875e+01,8.076322937011718750e+01,8.753739166259765625e+01,9.232759857177734375e+01,9.145070648193359375e+01,8.529200744628906250e+01,8.476842498779296875e+01,8.662205505371093750e+01,8.193457031250000000e+01,8.069284057617187500e+01,9.326995849609375000e+01,8.630601501464843750e+01
8.242374420166015625e+01,8.244065093994140625e+01,8.515087890625000000e+01,9.457044219970703125e+01,8.963526153564453125e+01,7.328229522705078125e+01,8.558127593994140625e+01,8.651746368408203125e+01,7.775760650634765625e+01,8.392673492431640625e+01,9.181201171875000000e+01,7.836413574218750000e+01
7.516616821289062500e+01,7.747548675537109375e+01,8.367992401123046875e+01,8.424134826660156250e+01,8.105592346191406250e+01,7.764192962646484375e+01,8.213196563720703125e+01,7.960966491699218750e+01,7.828102874755859375e+01,7.442082214355468750e+01,8.896079254150390625e+01,7.781259155273437500e+01
7.995417022705078125e+01,8.656047821044921875e+01,8.311549377441406250e+01,9.104175567626953125e+01,8.734775543212890625e+01,8.060134124755859375e+01,8.576516723632812500e+01,8.666799926757812500e+01,7.910932922363281250e+01,8.647751617431640625e+01,9.433573150634765625e+01,7.660082244873046875e+01
8.704084777832031250e+01,8.665213012695312500e+01,8.498040008544921875e+01,1.032892303466796875e+02,9.690991210937500000e+01,7.793022918701171875e+01,9.066056823730468750e+01,9.182998657226562500e+01,8.096704864501953125e+01,9.083071136474609375e+01,1.006503372192382812e+02,7.877064514160156250e+01
7.821262359619140625e+01,8.481569671630859375e+01,8.381205749511718750e+01,8.732833099365234375e+01,8.685316467285156250e+01,8.226068115234375000e+01,8.531245422363281250e+01,8.531552124023437500e+01,8.014136505126953125e+01,8.351589202880859375e+01,9.329230499267578125e+01,7.601322174072265625e+01
8.421831512451171875e+01,9.498197937011718750e+01,8.741178131103515625e+01,9.533073425292968750e+01,9.356875610351562500e+01,9.393212890625000000e+01,9.336051940917968750e+01,9.103514862060546875e+01,8.390806579589843750e+01,9.235734558105468750e+01,9.747581481933593750e+01,7.895680999755859375e+01
9.290278625488281250e+01,9.880699157714843750e+01,8.863863372802734375e+01,1.096122512817382812e+02,1.037447891235351562e+02,1.018949890136718750e+02,9.964369201660156250e+01,9.820157623291015625e+01,8.715588378906250000e+01,1.020572662353515625e+02,1.068981857299804688e+02,8.644210815429687500e+01
8.280590820312500000e+01,9.571878814697265625e+01,8.860011291503906250e+01,8.771616363525390625e+01,9.610226440429687500e+01,1.030652923583984375e+02,9.119526672363281250e+01,9.623207092285156250e+01,8.758111572265625000e+01,9.315055084228515625e+01,9.963892364501953125e+01,8.273098754882812500e+01
8.913188934326171875e+01,9.160719299316406250e+01,8.869822692871093750e+01,8.185031890869140625e+01,9.818010711669921875e+01,1.042832336425781250e+02,8.575077819824218750e+01,9.531118774414062500e+01,9.318706512451171875e+01,7.772845458984375000e+01,1.031185836791992188e+02,9.680750274658203125e+01
7.758953857421875000e+01,8.063804626464843750e+01,8.614613342285156250e+01,6.710706329345703125e+01,8.089109802246093750e+01,8.526605224609375000e+01,6.930782318115234375e+01,8.484555816650390625e+01,7.918877410888671875e+01,6.084356689453125000e+01,8.914986419677734375e+01,9.292908477783203125e+01
8.059509277343750000e+01,8.303880310058593750e+01,9.134979248046875000e+01,7.579472351074218750e+01,9.825897979736328125e+01,8.206377410888671875e+01,6.723915100097656250e+01,9.153894042968750000e+01,8.600718688964843750e+01,7.174620056152343750e+01,8.881126403808593750e+01,9.398450469970703125e+01
8.617445373535156250e+01,9.010911560058593750e+01,9.266616821289062500e+01,7.856879425048828125e+01,1.007457046508789062e+02,8.079915618896484375e+01,7.159259796142578125e+01,9.586582183837890625e+01,9.152658081054687500e+01,7.863816833496093750e+01,9.411917114257812500e+01,9.434011840820312500e+01
8.779644775390625000e+01,8.723107147216796875e+01,9.600273895263671875e+01,7.687374877929687500e+01,9.352095031738281250e+01,8.356519317626953125e+01,7.363009643554687500e+01,9.293752288818359375e+01,9.231096649169921875e+01,8.656745147705078125e+01,9.079708099365234375e+01,9.379110717773437500e+01
9.550852966308593750e+01,9.505937957763671875e+01,9.196300506591796875e+01,9.551078796386718750e+01,9.762507629394531250e+01,8.237454223632812500e+01,9.103393554687500000e+01,9.496607208251953125e+01,9.291810607910156250e+01,9.855207061767578125e+01,9.535480499267578125e+01,9.209339904785156250e+01
1.025331192016601562e+02,9.486730194091796875e+01,9.105543518066406250e+01,8.867269897460937500e+01,9.140686035156250000e+01,9.396292877197265625e+01,9.605113220214843750e+01,9.661753082275390625e+01,9.790994262695312500e+01,1.025817565917968750e+02,9.474411773681640625e+01,9.046669006347656250e+01
9.174861907958984375e+01,9.039450836181640625e+01,8.575606536865234375e+01,8.747001647949218750e+01,9.593584442138671875e+01,9.150834655761718750e+01,8.976735687255859375e+01,8.771334075927734375e+01,9.534078979492187500e+01,1.002726058959960938e+02,9.011787414550781250e+01,8.814891815185546875e+01
7.780220794677734375e+01,8.311809539794921875e+01,7.958931732177734375e+01,7.141464996337890625e+01,8.334999084472656250e+01,7.918057250976562500e+01,7.473620605468750000e+01,8.046920013427734375e+01,8.315936279296875000e+01,8.192658233642578125e+01,8.302651214599609375e+01,8.189289855957031250e+01
8.294017028808593750e+01,7.804943847656250000e+01,7.767534637451171875e+01,7.310949707031250000e+01,8.258578491210937500e+01,8.762245178222656250e+01,6.891712188720703125e+01,7.957418823242187500e+01,8.510074615478515625e+01,8.068802642822265625e+01,8.393819427490234375e+01,8.397297668457031250e+01
9.208491516113281250e+01,8.829352569580078125e+01,8.783757019042968750e+01,8.567826080322265625e+01,9.166596221923828125e+01,9.026870727539062500e+01,8.570371246337890625e+01,9.085784912109375000e+01,9.358044433593750000e+01,9.592672729492187500e+01,9.052190399169921875e+01,8.866628265380859375e+01
8.308789825439453125e+01,8.216549682617187500e+01,8.515963745117187500e+01,7.346376800537109375e+01,8.743389129638671875e+01,8.475335693359375000e+01,7.338098907470703125e+01,8.258514404296875000e+01,8.859498596191406250e+01,8.183673095703125000e+01,8.399848937988281250e+01,8.699285125732421875e+01
8.043768310546875000e+01,8.039495849609375000e+01,8.569719696044921875e+01,7.455904388427734375e+01,7.928218841552734375e+01,8.059504699707031250e+01,6.954228973388671875e+01,7.258642578125000000e+01,8.391443634033203125e+01,7.193009948730468750e+01,7.109010314941406250e+01,8.449122619628906250e+01
8.373742675781250000e+01,8.064633178710937500e+01,8.576383972167968750e+01,8.176299285888671875e+01,8.494587707519531250e+01,8.085519409179687500e+01,7.876679229736328125e+01,7.839883422851562500e+01,8.464004516601562500e+01,7.735289764404296875e+01,7.877701568603515625e+01,8.432172393798828125e+01
8.858405303955078125e+01,8.331816101074218750e+01,8.833858489990234375e+01,8.658938598632812500e+01,8.189004516601562500e+01,8.468370056152343750e+01,8.396322631835937500e+01,8.251835632324218750e+01,8.693290710449218750e+01,8.687328338623046875e+01,7.924319458007812500e+01,8.254789733886718750e+01
8.527088928222656250e+01,8.491221618652343750e+01,9.083311462402343750e+01,8.170535278320312500e+01,8.453633880615234375e+01,9.147586059570312500e+01,7.446481323242187500e+01,8.804072570800781250e+01,9.125243377685546875e+01,8.770265197753906250e+01,8.213524627685546875e+01,8.792815399169921875e+01
8.815781402587890625e+01,8.758090209960937500e+01,9.258803558349609375e+01,8.586911010742187500e+01,8.423652648925781250e+01,9.019212341308593750e+01,7.691371154785156250e+01,8.634439086914062500e+01,9.216731262207031250e+01,8.464505004882812500e+01,7.994975280761718750e+01,8.895421600341796875e+01
7.819372558593750000e+01,7.823697662353515625e+01,8.279165649414062500e+01,7.164094543457031250e+01,7.736107635498046875e+01,7.984683227539062500e+01,6.716579437255859375e+01,7.698197174072265625e+01,8.289435577392578125e+01,7.515890502929687500e+01,7.304319000244140625e+01,8.234182739257812500e+01
7.851091003417968750e+01,8.459058380126953125e+01,8.489083862304687500e+01,7.088188171386718750e+01,7.855531311035156250e+01,8.051016998291015625e+01,6.429656982421875000e+01,7.276806640625000000e+01,8.567050170898437500e+01,7.003898620605468750e+01,7.259774017333984375e+01,8.543147277832031250e+01
7.644056701660156250e+01,7.610810852050781250e+01,7.477727508544921875e+01,7.280269622802734375e+01,7.983657073974609375e+01,7.524514007568359375e+01,6.777326965332031250e+01,7.079859924316406250e+01,7.996643066406250000e+01,6.882587432861328125e+01,7.165550231933593750e+01,8.281665802001953125e+01
7.151914215087890625e+01,6.638381195068359375e+01,6.837731170654296875e+01,6.365535736083984375e+01,7.747425842285156250e+01,6.546572875976562500e+01,6.987991333007812500e+01,6.267730712890625000e+01,7.056017303466796875e+01,5.731244659423828125e+01,6.674597930908203125e+01,6.977217864990234375e+01
7.731488800048828125e+01,7.223401641845703125e+01,7.046469879150390625e+01,7.233048248291015625e+01,7.134182739257812500e+01,7.121983337402343750e+01,7.581217193603515625e+01,6.490525817871093750e+01,7.296842956542968750e+01,6.275819778442382812e+01,6.827985382080078125e+01,7.096768951416015625e+01
8.311541748046875000e+01,8.657761383056640625e+01,8.468823242187500000e+01,8.259303283691406250e+01,8.103382873535156250e+01,8.252156829833984375e+01,8.505151367187500000e+01,8.069761657714843750e+01,8.618112945556640625e+01,8.337065887451171875e+01,8.273945617675781250e+01,8.435385894775390625e+01
8.612707519531250000e+01,9.576492309570312500e+01,8.703527069091796875e+01,9.083605194091796875e+01,9.407373046875000000e+01,8.745161437988281250e+01,8.957791137695312500e+01,8.745632171630859375e+01,8.738352203369140625e+01,9.322660064697265625e+01,9.220472717285156250e+01,9.008380889892578125e+01
8.880126190185546875e+01,9.990732574462890625e+01,8.931771087646484375e+01,9.506663513183593750e+01,1.022863845825195312e+02,9.376586914062500000e+01,9.528106689453125000e+01,9.155696105957031250e+01,8.881741333007812500e+01,9.733634948730468750e+01,9.718259429931640625e+01,9.274690246582031250e+01
8.742898559570312500e+01,9.713777923583984375e+01,8.592842102050781250e+01,9.464068603515625000e+01,1.017024078369140625e+02,9.251634216308593750e+01,9.420819091796875000e+01,8.823146057128906250e+01,8.570350646972656250e+01,9.342910003662109375e+01,9.488905334472656250e+01,8.966078948974609375e+01
8.424432373046875000e+01,9.206810760498046875e+01,7.508135223388671875e+01,9.766296386718750000e+01,9.761469268798828125e+01,7.662149810791015625e+01,8.685417938232421875e+01,8.901074218750000000e+01,7.609870910644531250e+01,8.956318664550781250e+01,9.180339050292968750e+01,8.030892944335937500e+01
9.189287567138671875e+01,8.807118225097656250e+01,7.847304534912109375e+01,9.849240875244140625e+01,9.813688659667968750e+01,7.180590820312500000e+01,8.628913879394531250e+01,9.130460357666015625e+01,8.086650085449218750e+01,9.345013427734375000e+01,9.374215698242187500e+01,7.706724548339843750e+01
7.958073425292968750e+01,7.816050720214843750e+01,6.527384948730468750e+01,8.868481445312500000e+01,8.331903839111328125e+01,5.580854034423828125e+01,7.567208099365234375e+01,7.916095733642578125e+01,6.648278808593750000e+01,8.648507690429687500e+01,8.067586517333984375e+01,6.462437438964843750e+01
7.884872436523437500e+01,7.132983398437500000e+01,7.007677459716796875e+01,8.626034545898437500e+01,6.775254058837890625e+01,5.381320953369140625e+01,7.849289703369140625e+01,6.359584426879882812e+01,6.446333312988281250e+01,9.002252960205078125e+01,7.083767700195312500e+01,5.705617523193359375e+01
7.179220581054687500e+01,7.514954376220703125e+01,7.473803710937500000e+01,8.706310272216796875e+01,7.245703887939453125e+01,6.416236114501953125e+01,7.641337585449218750e+01,7.425587463378906250e+01,6.678495025634765625e+01,8.371978759765625000e+01,7.580482482910156250e+01,7.013502502441406250e+01
7.905821228027343750e+01,8.336740112304687500e+01,9.054439544677734375e+01,9.107890319824218750e+01,8.858242034912109375e+01,8.956698608398437500e+01,8.105091094970703125e+01,8.456243133544921875e+01,8.456611633300781250e+01,8.115032196044921875e+01,8.987105560302734375e+01,8.299950408935546875e+01
8.184201049804687500e+01,8.590621185302734375e+01,9.482402801513671875e+01,8.035265350341796875e+01,8.861210632324218750e+01,9.208466339111328125e+01,8.323707580566406250e+01,8.891034698486328125e+01,8.462506103515625000e+01,8.186910247802734375e+01,9.107797241210937500e+01,8.495488739013671875e+01
9.416970062255859375e+01,1.002051467895507812e+02,9.059693145751953125e+01,9.496755218505859375e+01,9.770198822021484375e+01,7.632901000976562500e+01,9.078616333007812500e+01,9.716419982910156250e+01,8.125943756103515625e+01,9.806247711181640625e+01,9.425196838378906250e+01,7.515293121337890625e+01
9.911647033691406250e+01,1.037995452880859375e+02,9.675957489013671875e+01,1.020499572753906250e+02,1.032150878906250000e+02,8.199010467529296875e+01,9.431159973144531250e+01,1.032106323242187500e+02,8.957890319824218750e+01,1.067752456665039062e+02,9.930955505371093750e+01,7.892794799804687500e+01
8.712811279296875000e+01,9.923794555664062500e+01,9.623728942871093750e+01,8.816903686523437500e+01,9.863970947265625000e+01,9.290505218505859375e+01,9.027482604980468750e+01,9.868537139892578125e+01,9.341419219970703125e+01,9.402829742431640625e+01,1.008283996582031250e+02,9.163262939453125000e+01
9.485129547119140625e+01,1.042987670898437500e+02,9.533301544189453125e+01,9.976954650878906250e+01,1.026906127929687500e+02,9.173905944824218750e+01,9.364994049072265625e+01,9.932048034667968750e+01,9.506004333496093750e+01,1.025898666381835938e+02,1.013468627929687500e+02,9.157451629638671875e+01
9.282760620117187500e+01,1.009425277709960938e+02,9.163529968261718750e+01,9.990358734130859375e+01,1.025929412841796875e+02,9.000360107421875000e+01,9.023842620849609375e+01,9.732662200927734375e+01,9.216920471191406250e+01,1.008867034912109375e+02,9.885289001464843750e+01,8.850598907470703125e+01
9.289340972900390625e+01,1.012628402709960938e+02,9.388371276855468750e+01,9.993842315673828125e+01,1.030532989501953125e+02,9.539414978027343750e+01,9.251474761962890625e+01,9.839527893066406250e+01,9.515506744384765625e+01,1.010250930786132812e+02,1.009810943603515625e+02,9.419213867187500000e+01
9.015139007568359375e+01,9.899390411376953125e+01,9.195920562744140625e+01,9.982045745849609375e+01,1.048796463012695312e+02,9.350695037841796875e+01,9.021914672851562500e+01,9.821420288085937500e+01,9.423078918457031250e+01,1.010973892211914062e+02,1.011211395263671875e+02,9.288467407226562500e+01
8.846331787109375000e+01,9.676075744628906250e+01,9.140594482421875000e+01,9.616898345947265625e+01,1.006535186767578125e+02,9.181507873535156250e+01,8.759077453613281250e+01,9.573016357421875000e+01,9.251327514648437500e+01,9.950797271728515625e+01,9.874360656738281250e+01,9.243725585937500000e+01
9.508985900878906250e+01,1.022315139770507812e+02,9.720908355712890625e+01,1.028274917602539062e+02,1.059464187622070312e+02,9.572692108154296875e+01,9.382344818115234375e+01,1.016294326782226562e+02,9.846331787109375000e+01,1.075360870361328125e+02,1.049540405273437500e+02,9.833073425292968750e+01
9.450962829589843750e+01,1.017201843261718750e+02,1.019671783447265625e+02,9.226039123535156250e+01,1.066051635742187500e+02,1.085778045654296875e+02,9.662606048583984375e+01,1.058819656372070312e+02,1.045180053710937500e+02,9.620883178710937500e+01,1.103099746704101562e+02,1.009042510986328125e+02
9.813791656494140625e+01,1.038780746459960938e+02,1.061670227050781250e+02,1.008996276855468750e+02,1.074603500366210938e+02,1.089175186157226562e+02,1.002750473022460938e+02,1.045423736572265625e+02,1.011303100585937500e+02,1.012229614257812500e+02,1.080370788574218750e+02,1.039633255004882812e+02
1.043504638671875000e+02,1.078995819091796875e+02,9.423933410644531250e+01,1.122260208129882812e+02,1.100469970703125000e+02,9.652863311767578125e+01,1.064234848022460938e+02,1.095377349853515625e+02,9.183500671386718750e+01,1.080696945190429688e+02,1.137446746826171875e+02,9.401489257812500000e+01
1.022864608764648438e+02,1.030440979003906250e+02,1.012323760986328125e+02,9.304148864746093750e+01,1.036388626098632812e+02,1.132600402832031250e+02,1.008476409912109375e+02,1.040274200439453125e+02,9.707885742187500000e+01,1.066922378540039062e+02,1.049786529541015625e+02,1.000189895629882812e+02
9.299311065673828125e+01,1.029891052246093750e+02,8.641925048828125000e+01,1.060262298583984375e+02,1.052447662353515625e+02,9.153133392333984375e+01,9.372807312011718750e+01,1.010324096679687500e+02,8.991744232177734375e+01,1.052543792724609375e+02,1.067233810424804688e+02,9.041071319580078125e+01
1.098322677612304688e+02,1.166613388061523438e+02,1.049843292236328125e+02,1.200431747436523438e+02,1.172108917236328125e+02,9.650215148925781250e+01,1.052023696899414062e+02,1.111529846191406250e+02,1.051218643188476562e+02,1.193152694702148438e+02,1.143095779418945312e+02,9.686199951171875000e+01
1.040838851928710938e+02,1.122197570800781250e+02,1.076243515014648438e+02,1.131117477416992188e+02,1.147157897949218750e+02,9.941436004638671875e+01,1.017685012817382812e+02,1.086730804443359375e+02,1.052992477416992188e+02,1.163320999145507812e+02,1.116610260009765625e+02,9.924236297607421875e+01
9.396767425537109375e+01,1.088553390502929688e+02,1.043279190063476562e+02,1.039372406005859375e+02,1.124270248413085938e+02,1.051899948120117188e+02,9.934626007080078125e+01,1.072977142333984375e+02,1.043939514160156250e+02,1.081595001220703125e+02,1.116578826904296875e+02,1.029334030151367188e+02
1.014719772338867188e+02,1.107103881835937500e+02,9.978499603271484375e+01,1.080943450927734375e+02,1.133358230590820312e+02,1.003008117675781250e+02,1.002269134521484375e+02,1.088449783325195312e+02,1.011725158691406250e+02,1.112509460449218750e+02,1.109530487060546875e+02,9.785711669921875000e+01
1.013653869628906250e+02,1.100197753906250000e+02,1.007366104125976562e+02,1.104699859619140625e+02,1.157446746826171875e+02,1.012981338500976562e+02,9.749270629882812500e+01,1.076299362182617188e+02,1.034919738769531250e+02,1.078618469238281250e+02,1.114342269897460938e+02,9.796057891845703125e+01
9.900057983398437500e+01,1.076957550048828125e+02,9.883916473388671875e+01,1.108036804199218750e+02,1.142815246582031250e+02,9.925180053710937500e+01,9.820727539062500000e+01,1.068069152832031250e+02,1.012360076904296875e+02,1.088050842285156250e+02,1.099891967773437500e+02,9.905971527099609375e+01
9.976395416259765625e+01,1.097026596069335938e+02,9.894567108154296875e+01,1.162928924560546875e+02,1.150995712280273438e+02,9.445984649658203125e+01,1.016798019409179688e+02,1.091443176269531250e+02,1.001910171508789062e+02,1.142997283935546875e+02,1.119007263183593750e+02,1.008384246826171875e+02
1.006522903442382812e+02,1.095155868530273438e+02,1.079120788574218750e+02,9.892762756347656250e+01,1.145234298706054688e+02,1.158615646362304688e+02,1.023829040527343750e+02,1.127108993530273438e+02,1.075528488159179688e+02,1.041439819335937500e+02,1.167906494140625000e+02,1.075344848632812500e+02
1.117985229492187500e+02,1.175596237182617188e+02,1.191820449829101562e+02,1.127399597167968750e+02,1.186814270019531250e+02,1.187570266723632812e+02,1.110764312744140625e+02,1.154128417968750000e+02,1.112428894042968750e+02,1.164971313476562500e+02,1.185263595581054688e+02,1.117511825561523438e+02
1.080401306152343750e+02,1.091250152587890625e+02,9.986522674560546875e+01,1.169986495971679688e+02,1.178197784423828125e+02,1.071844482421875000e+02,1.117435379028320312e+02,1.120576248168945312e+02,9.672132873535156250e+01,1.097188415527343750e+02,1.192989349365234375e+02,1.023633575439453125e+02
1.070600204467773438e+02,1.083860397338867188e+02,1.068839416503906250e+02,1.052408370971679688e+02,1.110348434448242188e+02,1.160743789672851562e+02,1.092651824951171875e+02,1.087420501708984375e+02,9.954820251464843750e+01,1.127355117797851562e+02,1.155965194702148438e+02,1.026456527709960938e+02
1.025017700195312500e+02,1.109795532226562500e+02,9.496587371826171875e+01,1.142682495117187500e+02,1.106572189331054688e+02,9.680979156494140625e+01,1.059378585815429688e+02,1.112213058471679688e+02,9.552811431884765625e+01,1.148340911865234375e+02,1.156183700561523438e+02,9.544957733154296875e+01
1.121982574462890625e+02,1.161965713500976562e+02,1.121441497802734375e+02,1.198882675170898438e+02,1.195103302001953125e+02,9.892291259765625000e+01,1.101050872802734375e+02,1.153370819091796875e+02,1.067429885864257812e+02,1.149324722290039062e+02,1.184311904907226562e+02,9.716671752929687500e+01
1.051269607543945312e+02,1.133905639648437500e+02,1.100774917602539062e+02,1.065154571533203125e+02,1.179428939819335938e+02,1.079058380126953125e+02,1.074445800781250000e+02,1.137193222045898438e+02,1.088482971191406250e+02,1.119086608886718750e+02,1.227106399536132812e+02,1.053066940307617188e+02
1.059031677246093750e+02,1.133226394653320312e+02,1.062673568725585938e+02,1.140470962524414062e+02,1.117735519409179688e+02,1.030019302368164062e+02,1.071908035278320312e+02,1.095190658569335938e+02,1.035226440429687500e+02,1.156359100341796875e+02,1.144908905029296875e+02,1.032237014770507812e+02
9.377156829833984375e+01,1.000482482910156250e+02,9.863613891601562500e+01,8.883749389648437500e+01,1.004794616699218750e+02,1.030233840942382812e+02,9.495536041259765625e+01,1.002898559570312500e+02,9.531962585449218750e+01,9.231428527832031250e+01,1.037917175292968750e+02,9.257452392578125000e+01
1.087211456298828125e+02,1.122663497924804688e+02,1.093289566040039062e+02,1.075578765869140625e+02,1.092880630493164062e+02,1.082394714355468750e+02,1.050930709838867188e+02,1.097111206054687500e+02,1.014052658081054688e+02,1.107101058959960938e+02,1.119439392089843750e+02,1.019006652832031250e+02
9.671414184570312500e+01,1.027992858886718750e+02,1.035593109130859375e+02,1.025514907836914062e+02,1.057952804565429688e+02,1.052957611083984375e+02,9.646301269531250000e+01,1.028236923217773438e+02,9.683729553222656250e+01,1.017200622558593750e+02,1.039417343139648438e+02,9.744958496093750000e+01
1.061801681518554688e+02,1.099765396118164062e+02,1.136053543090820312e+02,1.131856384277343750e+02,1.139348754882812500e+02,1.146597518920898438e+02,1.045219345092773438e+02,1.095327072143554688e+02,1.037239913940429688e+02,1.131425628662109375e+02,1.094662628173828125e+02,1.087539367675781250e+02
1.079465713500976562e+02,1.123377456665039062e+02,1.070911560058593750e+02,1.186788406372070312e+02,1.177724151611328125e+02,1.061157684326171875e+02,1.099701614379882812e+02,1.122908477783203125e+02,1.009084854125976562e+02,1.176509857177734375e+02,1.155840606689453125e+02,1.058398590087890625e+02
1.091410903930664062e+02,1.073218536376953125e+02,1.100288467407226562e+02,1.073111953735351562e+02,1.066768264770507812e+02,1.132451553344726562e+02,1.098041152954101562e+02,1.092811279296875000e+02,1.009704513549804688e+02,1.173134765625000000e+02,1.124683456420898438e+02,1.044924468994140625e+02
1.021224975585937500e+02,1.073108673095703125e+02,1.090646133422851562e+02,9.739498138427734375e+01,1.146301574707031250e+02,1.171521072387695312e+02,1.013917312622070312e+02,1.115704269409179688e+02,1.068922424316406250e+02,1.044969253540039062e+02,1.147745513916015625e+02,1.095435714721679688e+02
1.084973297119140625e+02,1.127549438476562500e+02,1.135850219726562500e+02,1.126518936157226562e+02,1.145549392700195312e+02,1.202799453735351562e+02,1.058175659179687500e+02,1.119642257690429688e+02,1.086876449584960938e+02,1.132262954711914062e+02,1.101559295654296875e+02,1.130555953979492188e+02
1.079116744995117188e+02,1.116728210449218750e+02,1.065343551635742188e+02,1.180037078857421875e+02,1.158651428222656250e+02,1.085071105957031250e+02,1.076123657226562500e+02,1.138202285766601562e+02,9.917553710937500000e+01,1.187878952026367188e+02,1.171470870971679688e+02,1.048902893066406250e+02
1.078190765380859375e+02,1.143687820434570312e+02,1.145880661010742188e+02,1.136289520263671875e+02,1.176110687255859375e+02,1.154482040405273438e+02,1.088259506225585938e+02,1.129690704345703125e+02,1.065210189819335938e+02,1.170231399536132812e+02,1.149971771240234375e+02,1.070899963378906250e+02
1.050997695922851562e+02,1.152433395385742188e+02,1.153253784179687500e+02,1.126933593750000000e+02,1.157254028320312500e+02,1.104123764038085938e+02,1.031651840209960938e+02,1.116177978515625000e+02,1.072970428466796875e+02,1.127887954711914062e+02,1.126177520751953125e+02,1.075817260742187500e+02
1.058752899169921875e+02,1.154826278686523438e+02,1.167177963256835938e+02,1.150132827758789062e+02,1.169232025146484375e+02,1.128242874145507812e+02,1.060206985473632812e+02,1.124400177001953125e+02,1.080656356811523438e+02,1.142192230224609375e+02,1.135449905395507812e+02,1.079402008056640625e+02
1.048852386474609375e+02,1.151132354736328125e+02,1.176099090576171875e+02,1.152320022583007812e+02,1.150465774536132812e+02,1.117060699462890625e+02,1.043482971191406250e+02,1.115430068969726562e+02,1.079699935913085938e+02,1.132063674926757812e+02,1.146083221435546875e+02,1.093525543212890625e+02
1.073077011108398438e+02,1.126944046020507812e+02,1.086087341308593750e+02,1.162875747680664062e+02,1.182469024658203125e+02,1.117153549194335938e+02,1.096249237060546875e+02,1.116084594726562500e+02,1.045056610107421875e+02,1.158163604736328125e+02,1.192987594604492188e+02,1.086523895263671875e+02
1.043655471801757812e+02,1.113767395019531250e+02,1.069299240112304688e+02,1.108188095092773438e+02,1.102570648193359375e+02,1.120853652954101562e+02,1.070964050292968750e+02,1.073215942382812500e+02,1.030993881225585938e+02,1.134440536499023438e+02,1.154594879150390625e+02,1.016775894165039062e+02
1.089846420288085938e+02,1.110018997192382812e+02,1.187462081909179688e+02,1.146205749511718750e+02,1.089527282714843750e+02,1.142271270751953125e+02,1.083818817138671875e+02,1.114170074462890625e+02,1.102108383178710938e+02,1.159499511718750000e+02,1.185512237548828125e+02,1.122286300659179688e+02
1.046017303466796875e+02,1.124412231445312500e+02,9.242053222656250000e+01,1.234669494628906250e+02,1.182860488891601562e+02,9.237586212158203125e+01,1.051169357299804688e+02,1.108597717285156250e+02,9.459931945800781250e+01,1.151911773681640625e+02,1.136098251342773438e+02,9.009542846679687500e+01
1.136378021240234375e+02,1.081173095703125000e+02,9.490371704101562500e+01,1.245065155029296875e+02,1.164116744995117188e+02,7.650832366943359375e+01,1.065485839843750000e+02,1.113074569702148438e+02,9.136515045166015625e+01,1.184383621215820312e+02,1.099598236083984375e+02,8.416593170166015625e+01
9.690003967285156250e+01,1.052959518432617188e+02,1.096051635742187500e+02,1.053943481445312500e+02,1.162542877197265625e+02,1.103845672607421875e+02,1.024382400512695312e+02,1.106190948486328125e+02,1.041503829956054688e+02,1.081680526733398438e+02,1.162931976318359375e+02,1.074624023437500000e+02
1.012668609619140625e+02,1.155234375000000000e+02,1.087501983642578125e+02,1.054768142700195312e+02,1.168480987548828125e+02,1.064967880249023438e+02,9.916894531250000000e+01,1.107133712768554688e+02,1.088165740966796875e+02,1.143403472900390625e+02,1.139560928344726562e+02,1.052467651367187500e+02
1.010961380004882812e+02,1.090340805053710938e+02,1.016831054687500000e+02,1.065292968750000000e+02,1.149251327514648438e+02,1.024771804809570312e+02,9.564620208740234375e+01,1.076471481323242188e+02,1.038949203491210938e+02,1.100551605224609375e+02,1.115415191650390625e+02,1.010589904785156250e+02
1.040486679077148438e+02,1.115502929687500000e+02,1.013386764526367188e+02,1.097987670898437500e+02,1.174143829345703125e+02,9.972689056396484375e+01,1.002472686767578125e+02,1.103644027709960938e+02,1.018386535644531250e+02,1.151972045898437500e+02,1.123297271728515625e+02,9.966829681396484375e+01
1.053779220581054688e+02,1.128307723999023438e+02,1.033429031372070312e+02,1.116251144409179688e+02,1.188763275146484375e+02,1.036164093017578125e+02,1.008809509277343750e+02,1.118993530273437500e+02,1.040340194702148438e+02,1.137222518920898438e+02,1.130438156127929688e+02,1.022873382568359375e+02
1.000273666381835938e+02,1.060063934326171875e+02,9.363488769531250000e+01,1.090145416259765625e+02,1.153949432373046875e+02,9.432806396484375000e+01,9.890824890136718750e+01,1.091470260620117188e+02,9.823194122314453125e+01,1.091616439819335938e+02,1.126519622802734375e+02,9.739511108398437500e+01
9.815072631835937500e+01,1.027201766967773438e+02,9.040154266357421875e+01,1.063011779785156250e+02,1.119273681640625000e+02,8.402558898925781250e+01,9.698519134521484375e+01,1.061358718872070312e+02,9.276913452148437500e+01,1.065443038940429688e+02,1.099427337646484375e+02,9.190572357177734375e+01
1.006875534057617188e+02,1.044866485595703125e+02,8.695434570312500000e+01,1.033678970336914062e+02,1.074151763916015625e+02,7.833547973632812500e+01,9.686618804931640625e+01,1.066009063720703125e+02,8.930593872070312500e+01,1.050362243652343750e+02,1.058512725830078125e+02,8.893866729736328125e+01
1.083058395385742188e+02,1.115541534423828125e+02,9.492000579833984375e+01,1.094544754028320312e+02,1.161521148681640625e+02,9.928244018554687500e+01,1.035917129516601562e+02,1.135899047851562500e+02,9.765074920654296875e+01,1.149961242675781250e+02,1.136515884399414062e+02,9.884434509277343750e+01
9.432572174072265625e+01,9.582492828369140625e+01,7.454487609863281250e+01,1.072648315429687500e+02,1.038375320434570312e+02,7.079406738281250000e+01,8.168293762207031250e+01,9.816092681884765625e+01,7.882839202880859375e+01,9.924166870117187500e+01,9.384324645996093750e+01,7.011241149902343750e+01
9.541340637207031250e+01,7.160495758056640625e+01,7.358779144287109375e+01,1.090656356811523438e+02,8.647785186767578125e+01,5.444534683227539062e+01,9.154281616210937500e+01,8.881568145751953125e+01,7.743621826171875000e+01,8.879661560058593750e+01,8.283093261718750000e+01,6.166855239868164062e+01
8.291132354736328125e+01,8.924875640869140625e+01,8.021129608154296875e+01,1.101734924316406250e+02,9.136878204345703125e+01,7.569643402099609375e+01,9.457025146484375000e+01,9.065061950683593750e+01,8.871051025390625000e+01,9.412502288818359375e+01,8.889507293701171875e+01,7.313687133789062500e+01
6.247517776489257812e+01,8.773629760742187500e+01,8.678490447998046875e+01,8.477418518066406250e+01,9.219399261474609375e+01,9.335139465332031250e+01,7.827680206298828125e+01,8.043839263916015625e+01,9.231502532958984375e+01,9.247545623779296875e+01,8.430630493164062500e+01,8.425362396240234375e+01
5.993202590942382812e+01,7.741685485839843750e+01,7.560320281982421875e+01,9.929010772705078125e+01,6.511027526855468750e+01,7.067469787597656250e+01,8.061913299560546875e+01,7.692121887207031250e+01,7.513651275634765625e+01,8.960339355468750000e+01,7.633226013183593750e+01,7.835565185546875000e+01
5.024441528320312500e+01,7.024778747558593750e+01,6.399081802368164062e+01,6.771450042724609375e+01,6.188142013549804688e+01,6.358693313598632812e+01,7.054694366455078125e+01,6.344990921020507812e+01,6.534729766845703125e+01,7.526904296875000000e+01,6.693578338623046875e+01,6.020428085327148438e+01
4.147716140747070312e+01,5.024764633178710938e+01,4.741507720947265625e+01,5.476948928833007812e+01,4.556195831298828125e+01,4.083567428588867188e+01,6.192472839355468750e+01,3.751193618774414062e+01,4.463980102539062500e+01,5.047541809082031250e+01,5.521171188354492188e+01,4.539186096191406250e+01
5.250444030761718750e+01,4.700941467285156250e+01,4.575509643554687500e+01,5.414344406127929688e+01,4.301968002319335938e+01,3.436003875732421875e+01,5.912399291992187500e+01,4.026163482666015625e+01,4.149036788940429688e+01,5.066019821166992188e+01,5.460215759277343750e+01,4.213717269897460938e+01
5.252974319458007812e+01,4.405648040771484375e+01,4.300064086914062500e+01,5.107254028320312500e+01,4.301753234863281250e+01,3.670540237426757812e+01,6.055957412719726562e+01,4.144912719726562500e+01,4.287819671630859375e+01,5.403397369384765625e+01,5.227982711791992188e+01,4.170211791992187500e+01
4.579025268554687500e+01,4.518893814086914062e+01,4.440480041503906250e+01,3.966927337646484375e+01,4.578007125854492188e+01,3.873295211791992188e+01,4.553118515014648438e+01,4.179169082641601562e+01,4.365962982177734375e+01,5.085997009277343750e+01,4.593023681640625000e+01,4.234917831420898438e+01
4.387243270874023438e+01,4.579962158203125000e+01,4.802283477783203125e+01,4.048908615112304688e+01,4.310322570800781250e+01,4.116877746582031250e+01,4.414493560791015625e+01,3.985635375976562500e+01,4.442975234985351562e+01,4.416293716430664062e+01,4.432219314575195312e+01,4.455180358886718750e+01
4.586403656005859375e+01,4.414477539062500000e+01,4.559737396240234375e+01,4.035451507568359375e+01,3.722348403930664062e+01,3.561076736450195312e+01,4.605763626098632812e+01,4.383025360107421875e+01,4.371391296386718750e+01,5.252766799926757812e+01,4.182518768310546875e+01,3.948535919189453125e+01
3.820269775390625000e+01,3.866251754760742188e+01,4.088743209838867188e+01,3.419823455810546875e+01,3.961175537109375000e+01,3.709881210327148438e+01,4.163946151733398438e+01,3.303904342651367188e+01,4.271382522583007812e+01,4.247782135009765625e+01,3.833068084716796875e+01,3.791302490234375000e+01
3.375656127929687500e+01,3.305358505249023438e+01,3.554079818725585938e+01,3.195686531066894531e+01,3.714601135253906250e+01,3.138771820068359375e+01,3.838616943359375000e+01,2.849938964843750000e+01,3.782991409301757812e+01,3.931732940673828125e+01,3.459299087524414062e+01,3.484313201904296875e+01
3.460786437988281250e+01,3.424377822875976562e+01,3.765344238281250000e+01,3.328707504272460938e+01,4.056808090209960938e+01,3.147996711730957031e+01,4.194932556152343750e+01,3.093771171569824219e+01,3.979103088378906250e+01,3.664724349975585938e+01,3.579109191894531250e+01,3.707136917114257812e+01
3.875747299194335938e+01,3.593277740478515625e+01,3.994519042968750000e+01,3.559621810913085938e+01,4.502095794677734375e+01,3.572983169555664062e+01,4.549156188964843750e+01,3.451165008544921875e+01,4.267729187011718750e+01,4.025609588623046875e+01,4.084753036499023438e+01,4.172745132446289062e+01
3.839493560791015625e+01,4.096968460083007812e+01,4.193850708007812500e+01,3.870016479492187500e+01,4.469826507568359375e+01,3.937739562988281250e+01,4.650290298461914062e+01,3.699228286743164062e+01,4.424918746948242188e+01,4.221154022216796875e+01,4.142324066162109375e+01,4.159672927856445312e+01
4.044436264038085938e+01,3.666037750244140625e+01,4.226559448242187500e+01,3.751152420043945312e+01,3.972858810424804688e+01,3.746508789062500000e+01,4.483740997314453125e+01,3.544003677368164062e+01,4.280021667480468750e+01,3.910675048828125000e+01,3.935659027099609375e+01,3.839855575561523438e+01
5.060136413574218750e+01,4.458675765991210938e+01,5.102762222290039062e+01,4.694639587402343750e+01,4.968814849853515625e+01,4.732744598388671875e+01,5.357235717773437500e+01,4.382949447631835938e+01,4.919322204589843750e+01,4.956975173950195312e+01,4.886531448364257812e+01,4.808309936523437500e+01
5.091596984863281250e+01,4.285436248779296875e+01,4.730039978027343750e+01,4.497237777709960938e+01,4.986743545532226562e+01,4.514976119995117188e+01,5.231288146972656250e+01,4.157847976684570312e+01,4.706949996948242188e+01,4.803799438476562500e+01,4.747169113159179688e+01,4.568272018432617188e+01
4.244630050659179688e+01,4.218568038940429688e+01,4.359458923339843750e+01,3.812111282348632812e+01,3.941848754882812500e+01,3.698225021362304688e+01,4.777807617187500000e+01,4.028770065307617188e+01,3.865883636474609375e+01,2.877799606323242188e+01,3.882870101928710938e+01,3.847716522216796875e+01
2.828357315063476562e+01,3.057857513427734375e+01,3.107191658020019531e+01,2.456132507324218750e+01,3.843302154541015625e+01,2.365919303894042969e+01,2.895376777648925781e+01,2.467741584777832031e+01,3.239907455444335938e+01,3.003365135192871094e+01,3.297910308837890625e+01,3.298766326904296875e+01
2.236265945434570312e+01,2.547608566284179688e+01,3.099591445922851562e+01,1.939358329772949219e+01,2.750339126586914062e+01,2.594947814941406250e+01,2.220703125000000000e+01,2.267763137817382812e+01,2.425919532775878906e+01,2.619660568237304688e+01,2.640169143676757812e+01,2.872612953186035156e+01
2.316735076904296875e+01,2.384223747253417969e+01,2.732035636901855469e+01,1.562396717071533203e+01,2.616675376892089844e+01,2.130463981628417969e+01,2.089707374572753906e+01,2.034988594055175781e+01,2.052096557617187500e+01,2.285569381713867188e+01,2.476326560974121094e+01,2.256926155090332031e+01
1.992102813720703125e+01,2.334430313110351562e+01,2.355673217773437500e+01,1.497051239013671875e+01,2.574133872985839844e+01,1.943667602539062500e+01,1.938784408569335938e+01,1.746684837341308594e+01,1.858151435852050781e+01,1.961403274536132812e+01,2.134790039062500000e+01,2.134182167053222656e+01
2.165574836730957031e+01,2.329418563842773438e+01,2.493667602539062500e+01,1.471167373657226562e+01,2.518330383300781250e+01,2.029257202148437500e+01,2.032073783874511719e+01,1.809111976623535156e+01,1.884406661987304688e+01,2.082692337036132812e+01,2.210824394226074219e+01,2.146293258666992188e+01
2.112344932556152344e+01,2.206482315063476562e+01,2.575592613220214844e+01,1.372056865692138672e+01,2.396212005615234375e+01,2.000402259826660156e+01,1.948786354064941406e+01,1.810390281677246094e+01,1.925246238708496094e+01,2.142323303222656250e+01,2.246097755432128906e+01,2.159142494201660156e+01
1.924333763122558594e+01,2.173101043701171875e+01,2.308314323425292969e+01,1.250603485107421875e+01,2.374945831298828125e+01,1.891196060180664062e+01,1.838367462158203125e+01,1.613845634460449219e+01,1.814526367187500000e+01,1.792751884460449219e+01,2.107401466369628906e+01,2.133875656127929688e+01
2.320974731445312500e+01,2.390624427795410156e+01,2.719082641601562500e+01,1.472284412384033203e+01,2.625273323059082031e+01,2.208467292785644531e+01,2.047897148132324219e+01,1.893327331542968750e+01,2.050105667114257812e+01,2.084722137451171875e+01,2.268899154663085938e+01,2.390595626831054688e+01
2.200046730041503906e+01,2.391324424743652344e+01,2.716587829589843750e+01,1.614995002746582031e+01,2.490038108825683594e+01,2.177491950988769531e+01,1.972923660278320312e+01,1.858813476562500000e+01,1.968587684631347656e+01,2.046420288085937500e+01,2.232092094421386719e+01,2.364120101928710938e+01
2.272026634216308594e+01,2.412172698974609375e+01,2.738614654541015625e+01,1.779024505615234375e+01,2.637311553955078125e+01,2.280513763427734375e+01,2.138337516784667969e+01,1.999831771850585938e+01,2.101476860046386719e+01,2.254840850830078125e+01,2.419929122924804688e+01,2.792334556579589844e+01
2.369090843200683594e+01,2.469641113281250000e+01,2.645407485961914062e+01,1.839419746398925781e+01,2.756237983703613281e+01,2.424349784851074219e+01,2.277840805053710938e+01,2.014947700500488281e+01,2.189303398132324219e+01,2.171830177307128906e+01,2.463624191284179688e+01,2.903540229797363281e+01
2.398134613037109375e+01,2.659262657165527344e+01,2.590311813354492188e+01,1.416634464263916016e+01,3.001053428649902344e+01,2.519228553771972656e+01,2.575857734680175781e+01,2.233777999877929688e+01,2.117842674255371094e+01,2.104121398925781250e+01,2.586806869506835938e+01,2.734673500061035156e+01
2.147983741760253906e+01,2.636106491088867188e+01,2.383105850219726562e+01,1.232190799713134766e+01,2.927511405944824219e+01,2.266340827941894531e+01,2.484751129150390625e+01,1.932343482971191406e+01,2.038059997558593750e+01,1.999953079223632812e+01,2.466483306884765625e+01,2.301423645019531250e+01
1.918931007385253906e+01,2.323629379272460938e+01,2.242105865478515625e+01,1.089333724975585938e+01,2.564492797851562500e+01,2.086478042602539062e+01,2.072937965393066406e+01,1.842082977294921875e+01,1.798759269714355469e+01,1.805147552490234375e+01,2.247204399108886719e+01,2.234130668640136719e+01
