1.000000000000000000e+00,1.000000000000000000e+00,9.999979734420776367e-01,1.000000000000000000e+00,1.000000000000000000e+00,9.999998807907104492e-01,9.999983310699462891e-01,9.999996423721313477e-01,9.999898672103881836e-01,9.952728748321533203e-01,9.999997615814208984e-01,9.999997615814208984e-01
3.190411329269409180e-01,7.542628049850463867e-02,4.954268634319305420e-01,8.242025971412658691e-02,5.380107164382934570e-01,7.229501008987426758e-01,4.838910996913909912e-01,1.435101032257080078e-01,1.183131337165832520e-01,1.778488457202911377e-01,4.572502970695495605e-01,3.634293675422668457e-01
7.207713723182678223e-01,2.527872920036315918e-01,4.292405545711517334e-01,3.878099024295806885e-01,1.927220821380615234e-01,3.075148463249206543e-01,4.464820027351379395e-01,4.892551302909851074e-01,3.100470006465911865e-01,3.917927145957946777e-01,2.392930686473846436e-01,4.396688342094421387e-01
9.879099130630493164e-01,1.592589318752288818e-01,4.846040308475494385e-01,9.995657205581665039e-01,5.737881064414978027e-01,1.825527846813201904e-01,8.163518905639648438e-01,9.780751466751098633e-01,4.200550615787506104e-01,9.941207766532897949e-01,6.365473270416259766e-01,2.280407249927520752e-01
9.956841468811035156e-01,9.179402589797973633e-01,9.692470431327819824e-01,9.990734457969665527e-01,9.370208978652954102e-01,9.998179674148559570e-01,7.653980255126953125e-01,9.830596446990966797e-01,9.863909482955932617e-01,9.824059009552001953e-01,9.662508964538574219e-01,7.151290774345397949e-01
9.996449351310729980e-01,6.926014423370361328e-01,2.376781105995178223e-01,9.884138703346252441e-01,8.579216003417968750e-01,7.791342735290527344e-01,8.578300476074218750e-01,9.953347444534301758e-01,9.787570238113403320e-01,5.790804624557495117e-01,9.962182641029357910e-01,5.935962200164794922e-01
9.273301362991333008e-01,8.963514566421508789e-01,9.029023647308349609e-01,9.418537616729736328e-01,9.908942580223083496e-01,9.795082807540893555e-01,7.355057597160339355e-01,8.787168264389038086e-01,9.512131810188293457e-01,9.407971501350402832e-01,8.987085819244384766e-01,7.702623605728149414e-01
3.371038436889648438e-01,5.552270412445068359e-01,7.144141793251037598e-01,8.972422480583190918e-01,4.913524985313415527e-01,9.717814922332763672e-01,6.270278692245483398e-01,5.906760692596435547e-01,9.687193632125854492e-01,8.754172325134277344e-01,8.218159675598144531e-01,6.046030521392822266e-01
8.275458812713623047e-01,6.513912677764892578e-01,8.382081985473632812e-01,9.396470785140991211e-01,7.745167016983032227e-01,9.961113929748535156e-01,7.084116935729980469e-01,8.071392774581909180e-01,8.766803741455078125e-01,7.354097366333007812e-01,7.847540974617004395e-01,7.432293891906738281e-01
8.209217786788940430e-01,6.783819198608398438e-01,9.702624082565307617e-01,8.418368697166442871e-01,8.364743590354919434e-01,9.980401396751403809e-01,9.062660932540893555e-01,8.328320384025573730e-01,9.629340171813964844e-01,9.771766662597656250e-01,8.584637641906738281e-01,6.563990116119384766e-01
9.825470447540283203e-01,9.664626121520996094e-01,9.800478816032409668e-01,7.172809839248657227e-01,9.509001374244689941e-01,9.989829063415527344e-01,9.359985589981079102e-01,9.350780844688415527e-01,9.700003862380981445e-01,9.950456023216247559e-01,8.452854156494140625e-01,9.378035068511962891e-01
9.999975562095642090e-01,9.999291896820068359e-01,9.564284086227416992e-01,9.999565482139587402e-01,9.994161128997802734e-01,9.999333620071411133e-01,9.993602633476257324e-01,9.999758601188659668e-01,9.994462728500366211e-01,9.999843835830688477e-01,9.860713481903076172e-01,9.999760389328002930e-01
9.997481703758239746e-01,9.991205334663391113e-01,9.866268634796142578e-01,9.972621202468872070e-01,9.995598196983337402e-01,9.798374176025390625e-01,9.991384744644165039e-01,9.955364465713500977e-01,9.999991655349731445e-01,9.998880624771118164e-01,9.247524738311767578e-01,9.847431182861328125e-01
9.988977313041687012e-01,9.995290040969848633e-01,9.998613595962524414e-01,9.994940757751464844e-01,9.999949932098388672e-01,9.949741363525390625e-01,9.999636411666870117e-01,9.970765113830566406e-01,9.999997615814208984e-01,9.994846582412719727e-01,9.735876917839050293e-01,9.993574619293212891e-01
9.996628761291503906e-01,9.880338907241821289e-01,9.999777674674987793e-01,9.982205629348754883e-01,9.999555349349975586e-01,9.019473791122436523e-01,9.999235868453979492e-01,9.638593792915344238e-01,9.999755620956420898e-01,9.999597072601318359e-01,9.982677698135375977e-01,9.999983310699462891e-01
9.999982118606567383e-01,9.999958872795104980e-01,1.000000000000000000e+00,1.000000000000000000e+00,9.999997615814208984e-01,1.000000000000000000e+00,1.000000000000000000e+00,9.999989867210388184e-01,9.999989867210388184e-01,1.000000000000000000e+00,1.000000000000000000e+00,1.000000000000000000e+00
9.999591708183288574e-01,9.999630451202392578e-01,1.000000000000000000e+00,9.999994039535522461e-01,9.999929666519165039e-01,9.999999403953552246e-01,9.999650120735168457e-01,9.995514750480651855e-01,9.999927878379821777e-01,9.999873042106628418e-01,9.999997615814208984e-01,1.000000000000000000e+00
9.981694221496582031e-01,1.000000000000000000e+00,1.000000000000000000e+00,9.999998211860656738e-01,9.999998807907104492e-01,1.000000000000000000e+00,9.999976158142089844e-01,9.999439716339111328e-01,1.000000000000000000e+00,1.000000000000000000e+00,1.000000000000000000e+00,1.000000000000000000e+00
9.999997615814208984e-01,1.000000000000000000e+00,9.999998807907104492e-01,1.000000000000000000e+00,9.999998807907104492e-01,1.000000000000000000e+00,9.998886585235595703e-01,9.999731779098510742e-01,9.998162984848022461e-01,1.000000000000000000e+00,1.000000000000000000e+00,1.000000000000000000e+00
9.999970197677612305e-01,9.999949932098388672e-01,9.999821186065673828e-01,9.999999403953552246e-01,9.999997019767761230e-01,9.999994039535522461e-01,9.961074590682983398e-01,9.999980330467224121e-01,9.998326301574707031e-01,9.990659952163696289e-01,9.999951720237731934e-01,9.999926090240478516e-01
9.897610545158386230e-01,9.999835491180419922e-01,9.999918937683105469e-01,9.999985694885253906e-01,9.999979734420776367e-01,9.999954104423522949e-01,9.999600648880004883e-01,9.999999403953552246e-01,9.999983310699462891e-01,9.993092417716979980e-01,9.999916553497314453e-01,9.999834895133972168e-01
9.847966432571411133e-01,9.990200996398925781e-01,9.733812808990478516e-01,9.287482500076293945e-01,9.995400905609130859e-01,9.999136924743652344e-01,9.123774170875549316e-01,9.999169111251831055e-01,9.995020627975463867e-01,9.892441034317016602e-01,9.999767541885375977e-01,9.766464233398437500e-01
9.999228715896606445e-01,9.999796152114868164e-01,9.998263716697692871e-01,9.997401237487792969e-01,9.988794922828674316e-01,9.999973773956298828e-01,9.994775056838989258e-01,9.999850988388061523e-01,9.999431371688842773e-01,9.999530315399169922e-01,1.000000000000000000e+00,9.999983906745910645e-01
1.000000000000000000e+00,9.999912977218627930e-01,9.985892176628112793e-01,9.963787794113159180e-01,9.732056856155395508e-01,9.999402761459350586e-01,9.996809959411621094e-01,9.999911785125732422e-01,9.999972581863403320e-01,9.999999403953552246e-01,9.993950724601745605e-01,9.999990463256835938e-01
9.999810457229614258e-01,9.999924898147583008e-01,9.998909235000610352e-01,9.999969005584716797e-01,9.999017715454101562e-01,9.934223890304565430e-01,9.999973773956298828e-01,9.999682903289794922e-01,9.999931454658508301e-01,9.999973773956298828e-01,9.865111112594604492e-01,9.989202022552490234e-01
9.999998807907104492e-01,9.999861717224121094e-01,9.999998807907104492e-01,9.999998807907104492e-01,9.999992847442626953e-01,9.999661445617675781e-01,9.999998807907104492e-01,9.999997615814208984e-01,9.999998807907104492e-01,1.000000000000000000e+00,9.999987483024597168e-01,9.999998211860656738e-01
9.997249841690063477e-01,9.966609477996826172e-01,9.991840124130249023e-01,9.987841844558715820e-01,9.991232752799987793e-01,9.998408555984497070e-01,9.986565709114074707e-01,9.997836351394653320e-01,9.985494613647460938e-01,9.998786449432373047e-01,9.998328685760498047e-01,9.998700618743896484e-01
9.908871650695800781e-01,9.994013309478759766e-01,9.998094439506530762e-01,9.971829056739807129e-01,9.992192983627319336e-01,9.989742040634155273e-01,9.950451254844665527e-01,9.404898881912231445e-01,9.984319210052490234e-01,9.999854564666748047e-01,9.999247789382934570e-01,9.999935626983642578e-01
9.999451637268066406e-01,9.965052008628845215e-01,9.972136020660400391e-01,9.999846816062927246e-01,9.995620846748352051e-01,9.999566078186035156e-01,9.991365671157836914e-01,9.998294115066528320e-01,9.970211982727050781e-01,9.993382692337036133e-01,9.999952316284179688e-01,9.979317188262939453e-01
9.999862909317016602e-01,9.999643564224243164e-01,9.999904632568359375e-01,1.000000000000000000e+00,9.999486207962036133e-01,9.999794960021972656e-01,9.997726678848266602e-01,9.999945759773254395e-01,9.999943375587463379e-01,9.952815771102905273e-01,9.999985694885253906e-01,9.999902248382568359e-01
9.978482723236083984e-01,9.940147399902343750e-01,9.955605268478393555e-01,9.999879598617553711e-01,9.994077086448669434e-01,9.750921726226806641e-01,9.998865127563476562e-01,9.999611973762512207e-01,9.987428188323974609e-01,8.278580307960510254e-01,9.999412894248962402e-01,9.999995231628417969e-01
9.982123374938964844e-01,9.997405409812927246e-01,9.820362329483032227e-01,9.970695972442626953e-01,9.988917112350463867e-01,9.999322891235351562e-01,9.940212965011596680e-01,9.991724491119384766e-01,9.837180376052856445e-01,9.872673749923706055e-01,9.999951124191284180e-01,9.988591670989990234e-01
9.999147653579711914e-01,9.997584819793701172e-01,9.966884851455688477e-01,9.996243715286254883e-01,9.995290040969848633e-01,9.999912977218627930e-01,9.993571043014526367e-01,9.999443292617797852e-01,9.988016486167907715e-01,9.979747533798217773e-01,9.999995231628417969e-01,9.977495670318603516e-01
9.976572990417480469e-01,9.998848438262939453e-01,9.999492764472961426e-01,9.999997615814208984e-01,9.999985694885253906e-01,9.999876022338867188e-01,9.998656511306762695e-01,9.998964071273803711e-01,9.998934268951416016e-01,9.987742900848388672e-01,9.999990463256835938e-01,9.999976158142089844e-01
9.999692440032958984e-01,1.000000000000000000e+00,1.000000000000000000e+00,1.000000000000000000e+00,1.000000000000000000e+00,9.999998807907104492e-01,9.999998807907104492e-01,9.999908804893493652e-01,9.999998807907104492e-01,1.000000000000000000e+00,1.000000000000000000e+00,1.000000000000000000e+00
9.999902248382568359e-01,1.000000000000000000e+00,9.999994039535522461e-01,1.000000000000000000e+00,1.000000000000000000e+00,9.999998807907104492e-01,9.999991655349731445e-01,9.999756217002868652e-01,9.999998807907104492e-01,9.999884963035583496e-01,1.000000000000000000e+00,1.000000000000000000e+00
9.999998211860656738e-01,1.000000000000000000e+00,9.999997615814208984e-01,1.000000000000000000e+00,1.000000000000000000e+00,9.999939799308776855e-01,9.999992847442626953e-01,9.999961256980895996e-01,1.000000000000000000e+00,1.000000000000000000e+00,1.000000000000000000e+00,1.000000000000000000e+00
1.000000000000000000e+00,1.000000000000000000e+00,1.000000000000000000e+00,1.000000000000000000e+00,1.000000000000000000e+00,1.000000000000000000e+00,9.999996423721313477e-01,9.999976158142089844e-01,1.000000000000000000e+00,1.000000000000000000e+00,1.000000000000000000e+00,1.000000000000000000e+00
1.000000000000000000e+00,1.000000000000000000e+00,9.999967217445373535e-01,1.000000000000000000e+00,9.999997615814208984e-01,1.000000000000000000e+00,9.999999403953552246e-01,9.999991655349731445e-01,1.000000000000000000e+00,1.000000000000000000e+00,1.000000000000000000e+00,1.000000000000000000e+00
1.000000000000000000e+00,1.000000000000000000e+00,9.987389445304870605e-01,1.000000000000000000e+00,1.000000000000000000e+00,1.000000000000000000e+00,1.000000000000000000e+00,9.999997615814208984e-01,1.000000000000000000e+00,9.999992847442626953e-01,1.000000000000000000e+00,9.999901056289672852e-01
1.000000000000000000e+00,1.000000000000000000e+00,9.999957084655761719e-01,1.000000000000000000e+00,1.000000000000000000e+00,1.000000000000000000e+00,1.000000000000000000e+00,1.000000000000000000e+00,1.000000000000000000e+00,9.999998211860656738e-01,9.999999403953552246e-01,9.999998211860656738e-01
1.000000000000000000e+00,1.000000000000000000e+00,9.999598264694213867e-01,1.000000000000000000e+00,1.000000000000000000e+00,1.000000000000000000e+00,9.997323155403137207e-01,1.000000000000000000e+00,1.000000000000000000e+00,9.999983906745910645e-01,9.999840259552001953e-01,9.999306201934814453e-01
1.000000000000000000e+00,1.000000000000000000e+00,9.999997019767761230e-01,1.000000000000000000e+00,1.000000000000000000e+00,9.999885559082031250e-01,9.999880790710449219e-01,9.999979734420776367e-01,9.999998807907104492e-01,9.999998807907104492e-01,9.999843835830688477e-01,1.000000000000000000e+00
1.000000000000000000e+00,9.999969601631164551e-01,9.973269104957580566e-01,1.000000000000000000e+00,9.999996423721313477e-01,9.999746084213256836e-01,9.999969005584716797e-01,9.992277026176452637e-01,9.999943971633911133e-01,9.999995231628417969e-01,9.998872876167297363e-01,9.999994039535522461e-01
1.000000000000000000e+00,9.999994039535522461e-01,9.999990463256835938e-01,1.000000000000000000e+00,1.000000000000000000e+00,9.995636940002441406e-01,9.999965429306030273e-01,9.999948740005493164e-01,9.999997615814208984e-01,9.999998807907104492e-01,9.999933838844299316e-01,1.000000000000000000e+00
9.999998211860656738e-01,9.980008602142333984e-01,9.999746084213256836e-01,9.999995231628417969e-01,1.000000000000000000e+00,9.998630285263061523e-01,9.999781250953674316e-01,9.886646270751953125e-01,9.999721646308898926e-01,9.999973177909851074e-01,9.999981522560119629e-01,9.999924302101135254e-01
9.999999403953552246e-01,9.994187951087951660e-01,9.999998807907104492e-01,1.000000000000000000e+00,1.000000000000000000e+00,9.999696612358093262e-01,9.999974370002746582e-01,9.992914199829101562e-01,9.999971389770507812e-01,9.999985694885253906e-01,9.999997615814208984e-01,1.000000000000000000e+00
1.000000000000000000e+00,9.999644160270690918e-01,1.000000000000000000e+00,1.000000000000000000e+00,1.000000000000000000e+00,9.999998807907104492e-01,9.999256134033203125e-01,9.999939799308776855e-01,9.999989867210388184e-01,1.000000000000000000e+00,1.000000000000000000e+00,1.000000000000000000e+00
1.000000000000000000e+00,9.999842643737792969e-01,1.000000000000000000e+00,1.000000000000000000e+00,1.000000000000000000e+00,1.000000000000000000e+00,9.999370574951171875e-01,9.999889731407165527e-01,9.999995827674865723e-01,1.000000000000000000e+00,1.000000000000000000e+00,1.000000000000000000e+00
1.000000000000000000e+00,9.999939203262329102e-01,1.000000000000000000e+00,1.000000000000000000e+00,1.000000000000000000e+00,9.999998807907104492e-01,9.999321103096008301e-01,9.999936819076538086e-01,9.999998211860656738e-01,1.000000000000000000e+00,9.999999403953552246e-01,1.000000000000000000e+00
1.000000000000000000e+00,9.999985694885253906e-01,1.000000000000000000e+00,1.000000000000000000e+00,1.000000000000000000e+00,9.999996423721313477e-01,9.998329877853393555e-01,9.999989271163940430e-01,9.999999403953552246e-01,1.000000000000000000e+00,9.999998211860656738e-01,1.000000000000000000e+00
1.000000000000000000e+00,9.999992251396179199e-01,1.000000000000000000e+00,1.000000000000000000e+00,1.000000000000000000e+00,9.999989271163940430e-01,9.999604225158691406e-01,9.999998211860656738e-01,1.000000000000000000e+00,1.000000000000000000e+00,9.999996423721313477e-01,1.000000000000000000e+00
1.000000000000000000e+00,9.999952316284179688e-01,9.999998807907104492e-01,1.000000000000000000e+00,9.999998807907104492e-01,9.999728202819824219e-01,9.992275834083557129e-01,9.999919533729553223e-01,9.999996423721313477e-01,1.000000000000000000e+00,9.999914169311523438e-01,1.000000000000000000e+00
1.000000000000000000e+00,9.999963045120239258e-01,9.999998211860656738e-01,1.000000000000000000e+00,1.000000000000000000e+00,9.999777674674987793e-01,9.995617866516113281e-01,9.999889135360717773e-01,9.999998211860656738e-01,1.000000000000000000e+00,9.999967813491821289e-01,1.000000000000000000e+00
1.000000000000000000e+00,9.999998807907104492e-01,1.000000000000000000e+00,1.000000000000000000e+00,1.000000000000000000e+00,9.999994039535522461e-01,9.999970197677612305e-01,9.999998807907104492e-01,1.000000000000000000e+00,1.000000000000000000e+00,9.999998807907104492e-01,1.000000000000000000e+00
1.000000000000000000e+00,9.999998807907104492e-01,1.000000000000000000e+00,1.000000000000000000e+00,1.000000000000000000e+00,9.999998807907104492e-01,9.999998807907104492e-01,9.999999403953552246e-01,1.000000000000000000e+00,1.000000000000000000e+00,1.000000000000000000e+00,1.000000000000000000e+00
1.000000000000000000e+00,9.999994039535522461e-01,1.000000000000000000e+00,1.000000000000000000e+00,1.000000000000000000e+00,9.999999403953552246e-01,9.999990463256835938e-01,9.999998211860656738e-01,1.000000000000000000e+00,1.000000000000000000e+00,1.000000000000000000e+00,1.000000000000000000e+00
1.000000000000000000e+00,9.999965429306030273e-01,1.000000000000000000e+00,1.000000000000000000e+00,1.000000000000000000e+00,9.999352693557739258e-01,9.999997615814208984e-01,9.999717473983764648e-01,1.000000000000000000e+00,1.000000000000000000e+00,9.999980926513671875e-01,1.000000000000000000e+00
1.000000000000000000e+00,9.999998807907104492e-01,1.000000000000000000e+00,1.000000000000000000e+00,1.000000000000000000e+00,1.000000000000000000e+00,9.999980330467224121e-01,1.000000000000000000e+00,9.999995231628417969e-01,1.000000000000000000e+00,1.000000000000000000e+00,1.000000000000000000e+00
1.000000000000000000e+00,9.999970197677612305e-01,9.999951124191284180e-01,1.000000000000000000e+00,1.000000000000000000e+00,9.999816417694091797e-01,9.998828172683715820e-01,9.998916983604431152e-01,9.999999403953552246e-01,9.999945759773254395e-01,9.999851584434509277e-01,9.999998807907104492e-01
1.000000000000000000e+00,9.999979734420776367e-01,9.999998807907104492e-01,1.000000000000000000e+00,1.000000000000000000e+00,9.997361302375793457e-01,9.999996423721313477e-01,9.999794960021972656e-01,9.999997019767761230e-01,9.999998807907104492e-01,9.999944567680358887e-01,1.000000000000000000e+00
1.000000000000000000e+00,9.999885559082031250e-01,9.999992847442626953e-01,1.000000000000000000e+00,1.000000000000000000e+00,9.994208812713623047e-01,9.999994039535522461e-01,9.999651908874511719e-01,9.999986290931701660e-01,9.999983310699462891e-01,9.999513030052185059e-01,9.999998211860656738e-01
1.000000000000000000e+00,9.999967813491821289e-01,1.000000000000000000e+00,1.000000000000000000e+00,1.000000000000000000e+00,9.999996423721313477e-01,9.999998807907104492e-01,9.999997615814208984e-01,1.000000000000000000e+00,9.999995231628417969e-01,9.999998807907104492e-01,1.000000000000000000e+00
1.000000000000000000e+00,9.999172687530517578e-01,1.000000000000000000e+00,1.000000000000000000e+00,1.000000000000000000e+00,9.999995231628417969e-01,9.999982118606567383e-01,9.999963045120239258e-01,9.999996423721313477e-01,9.999989271163940430e-01,9.999999403953552246e-01,1.000000000000000000e+00
1.000000000000000000e+00,9.998084306716918945e-01,1.000000000000000000e+00,1.000000000000000000e+00,1.000000000000000000e+00,9.999991655349731445e-01,9.999986886978149414e-01,9.999891519546508789e-01,9.999982118606567383e-01,9.999988079071044922e-01,9.999998807907104492e-01,9.999999403953552246e-01
1.000000000000000000e+00,9.999622702598571777e-01,1.000000000000000000e+00,1.000000000000000000e+00,1.000000000000000000e+00,9.999977350234985352e-01,9.999997615814208984e-01,9.999959468841552734e-01,9.999998807907104492e-01,9.999954104423522949e-01,9.999997615814208984e-01,1.000000000000000000e+00
1.000000000000000000e+00,9.999965429306030273e-01,1.000000000000000000e+00,1.000000000000000000e+00,1.000000000000000000e+00,9.999984502792358398e-01,9.999995231628417969e-01,9.999998211860656738e-01,1.000000000000000000e+00,9.999996423721313477e-01,9.999996423721313477e-01,1.000000000000000000e+00
1.000000000000000000e+00,9.999947547912597656e-01,1.000000000000000000e+00,1.000000000000000000e+00,1.000000000000000000e+00,9.999955892562866211e-01,9.999940991401672363e-01,9.999998807907104492e-01,1.000000000000000000e+00,9.999998807907104492e-01,9.999973773956298828e-01,1.000000000000000000e+00
1.000000000000000000e+00,9.999972581863403320e-01,1.000000000000000000e+00,1.000000000000000000e+00,1.000000000000000000e+00,9.999957084655761719e-01,9.999935030937194824e-01,9.999998807907104492e-01,1.000000000000000000e+00,1.000000000000000000e+00,9.999985098838806152e-01,1.000000000000000000e+00
1.000000000000000000e+00,9.999934434890747070e-01,1.000000000000000000e+00,1.000000000000000000e+00,1.000000000000000000e+00,9.999996423721313477e-01,9.999805688858032227e-01,9.999998807907104492e-01,9.999999403953552246e-01,1.000000000000000000e+00,9.999996423721313477e-01,1.000000000000000000e+00
1.000000000000000000e+00,9.999451041221618652e-01,1.000000000000000000e+00,1.000000000000000000e+00,1.000000000000000000e+00,9.999998211860656738e-01,9.999035596847534180e-01,9.999954104423522949e-01,9.999998807907104492e-01,1.000000000000000000e+00,9.999998211860656738e-01,9.999999403953552246e-01
1.000000000000000000e+00,9.999073743820190430e-01,1.000000000000000000e+00,1.000000000000000000e+00,1.000000000000000000e+00,1.000000000000000000e+00,9.999665021896362305e-01,9.999867081642150879e-01,9.999998211860656738e-01,1.000000000000000000e+00,9.999998807907104492e-01,1.000000000000000000e+00
1.000000000000000000e+00,9.999321103096008301e-01,9.999998807907104492e-01,9.999998807907104492e-01,1.000000000000000000e+00,9.996027946472167969e-01,9.999979734420776367e-01,9.997899532318115234e-01,9.999998807907104492e-01,9.999992847442626953e-01,9.999682307243347168e-01,1.000000000000000000e+00
9.999998807907104492e-01,9.999994039535522461e-01,9.999998807907104492e-01,1.000000000000000000e+00,1.000000000000000000e+00,1.000000000000000000e+00,9.999513626098632812e-01,9.999998807907104492e-01,9.999919533729553223e-01,1.000000000000000000e+00,1.000000000000000000e+00,9.999998807907104492e-01
1.000000000000000000e+00,9.999386668205261230e-01,9.999811649322509766e-01,9.999998807907104492e-01,9.999999403953552246e-01,9.999473094940185547e-01,9.258803725242614746e-01,9.997817873954772949e-01,9.999719262123107910e-01,9.999855160713195801e-01,9.999254345893859863e-01,9.999952316284179688e-01
1.000000000000000000e+00,9.999998807907104492e-01,1.000000000000000000e+00,1.000000000000000000e+00,1.000000000000000000e+00,9.999539852142333984e-01,9.999235868453979492e-01,9.999942779541015625e-01,9.999975562095642090e-01,1.000000000000000000e+00,9.999997615814208984e-01,1.000000000000000000e+00
1.000000000000000000e+00,9.999959468841552734e-01,9.999998211860656738e-01,1.000000000000000000e+00,9.999998807907104492e-01,9.989424347877502441e-01,9.990255236625671387e-01,9.999904632568359375e-01,9.999911189079284668e-01,9.999995827674865723e-01,9.999889731407165527e-01,9.999998807907104492e-01
1.000000000000000000e+00,9.999998211860656738e-01,1.000000000000000000e+00,1.000000000000000000e+00,9.999998807907104492e-01,9.999990463256835938e-01,9.979170560836791992e-01,9.999995231628417969e-01,1.000000000000000000e+00,9.999998807907104492e-01,9.999988079071044922e-01,1.000000000000000000e+00
1.000000000000000000e+00,9.999998807907104492e-01,1.000000000000000000e+00,1.000000000000000000e+00,1.000000000000000000e+00,9.998182058334350586e-01,9.999995827674865723e-01,9.999978542327880859e-01,1.000000000000000000e+00,9.999998211860656738e-01,9.999988079071044922e-01,1.000000000000000000e+00
1.000000000000000000e+00,1.000000000000000000e+00,1.000000000000000000e+00,1.000000000000000000e+00,1.000000000000000000e+00,9.999634027481079102e-01,9.999997615814208984e-01,1.000000000000000000e+00,1.000000000000000000e+00,1.000000000000000000e+00,9.999990463256835938e-01,1.000000000000000000e+00
9.999995231628417969e-01,9.999998807907104492e-01,1.000000000000000000e+00,1.000000000000000000e+00,9.999980330467224121e-01,9.997019171714782715e-01,9.999963045120239258e-01,1.000000000000000000e+00,9.999997615814208984e-01,9.999998211860656738e-01,9.999219179153442383e-01,1.000000000000000000e+00
9.999673366546630859e-01,9.999998807907104492e-01,1.000000000000000000e+00,1.000000000000000000e+00,1.000000000000000000e+00,9.998677372932434082e-01,9.999999403953552246e-01,1.000000000000000000e+00,1.000000000000000000e+00,9.999983310699462891e-01,1.000000000000000000e+00,1.000000000000000000e+00
9.993463754653930664e-01,9.999870657920837402e-01,1.000000000000000000e+00,1.000000000000000000e+00,1.000000000000000000e+00,1.000000000000000000e+00,1.000000000000000000e+00,9.999998807907104492e-01,9.999998807907104492e-01,9.998081326484680176e-01,1.000000000000000000e+00,1.000000000000000000e+00
9.998186826705932617e-01,9.999997615814208984e-01,9.999998807907104492e-01,9.999986886978149414e-01,1.000000000000000000e+00,1.000000000000000000e+00,9.999848008155822754e-01,9.999963045120239258e-01,9.999998211860656738e-01,9.999712705612182617e-01,1.000000000000000000e+00,1.000000000000000000e+00
9.999933242797851562e-01,9.999995231628417969e-01,1.000000000000000000e+00,1.000000000000000000e+00,1.000000000000000000e+00,1.000000000000000000e+00,9.999998211860656738e-01,1.000000000000000000e+00,9.999998807907104492e-01,1.000000000000000000e+00,1.000000000000000000e+00,1.000000000000000000e+00
9.999965429306030273e-01,9.997336864471435547e-01,9.999893307685852051e-01,9.999998807907104492e-01,9.999999403953552246e-01,9.999743103981018066e-01,9.999998211860656738e-01,9.999996423721313477e-01,9.999998807907104492e-01,9.999002218246459961e-01,9.983519315719604492e-01,9.999142885208129883e-01
9.999879598617553711e-01,9.999997615814208984e-01,1.000000000000000000e+00,1.000000000000000000e+00,1.000000000000000000e+00,1.000000000000000000e+00,9.999998211860656738e-01,9.999997019767761230e-01,1.000000000000000000e+00,1.000000000000000000e+00,1.000000000000000000e+00,1.000000000000000000e+00
9.999964237213134766e-01,9.999955892562866211e-01,9.999969005584716797e-01,9.994906187057495117e-01,9.999998807907104492e-01,1.000000000000000000e+00,9.998687505722045898e-01,9.997225999832153320e-01,9.995312690734863281e-01,9.999997019767761230e-01,9.999988079071044922e-01,1.000000000000000000e+00
1.000000000000000000e+00,9.999908804893493652e-01,9.999998807907104492e-01,9.999985694885253906e-01,1.000000000000000000e+00,9.999997615814208984e-01,9.982413053512573242e-01,9.999984502792358398e-01,9.951371550559997559e-01,9.999989271163940430e-01,1.000000000000000000e+00,9.999997615814208984e-01
1.000000000000000000e+00,1.000000000000000000e+00,1.000000000000000000e+00,1.000000000000000000e+00,1.000000000000000000e+00,1.000000000000000000e+00,9.999828338623046875e-01,9.999998807907104492e-01,9.999743700027465820e-01,1.000000000000000000e+00,1.000000000000000000e+00,1.000000000000000000e+00
1.000000000000000000e+00,1.000000000000000000e+00,1.000000000000000000e+00,1.000000000000000000e+00,1.000000000000000000e+00,1.000000000000000000e+00,9.999463558197021484e-01,1.000000000000000000e+00,9.999966621398925781e-01,1.000000000000000000e+00,1.000000000000000000e+00,1.000000000000000000e+00
1.000000000000000000e+00,1.000000000000000000e+00,1.000000000000000000e+00,1.000000000000000000e+00,1.000000000000000000e+00,9.999998807907104492e-01,9.998049139976501465e-01,1.000000000000000000e+00,9.999992847442626953e-01,1.000000000000000000e+00,1.000000000000000000e+00,1.000000000000000000e+00
1.000000000000000000e+00,1.000000000000000000e+00,1.000000000000000000e+00,1.000000000000000000e+00,1.000000000000000000e+00,1.000000000000000000e+00,9.999766945838928223e-01,1.000000000000000000e+00,9.999998807907104492e-01,1.000000000000000000e+00,1.000000000000000000e+00,1.000000000000000000e+00
9.999997615814208984e-01,9.999998807907104492e-01,9.999998807907104492e-01,1.000000000000000000e+00,1.000000000000000000e+00,1.000000000000000000e+00,9.999196529388427734e-01,9.999998807907104492e-01,9.999999403953552246e-01,9.999971389770507812e-01,1.000000000000000000e+00,9.999998807907104492e-01
1.000000000000000000e+00,9.999998807907104492e-01,1.000000000000000000e+00,1.000000000000000000e+00,1.000000000000000000e+00,9.999998807907104492e-01,9.999933242797851562e-01,1.000000000000000000e+00,1.000000000000000000e+00,1.000000000000000000e+00,1.000000000000000000e+00,1.000000000000000000e+00
1.000000000000000000e+00,1.000000000000000000e+00,9.999998807907104492e-01,1.000000000000000000e+00,1.000000000000000000e+00,1.000000000000000000e+00,9.999997019767761230e-01,9.999998807907104492e-01,1.000000000000000000e+00,1.000000000000000000e+00,1.000000000000000000e+00,1.000000000000000000e+00
1.000000000000000000e+00,1.000000000000000000e+00,1.000000000000000000e+00,1.000000000000000000e+00,1.000000000000000000e+00,1.000000000000000000e+00,1.000000000000000000e+00,1.000000000000000000e+00,1.000000000000000000e+00,1.000000000000000000e+00,1.000000000000000000e+00,1.000000000000000000e+00
1.000000000000000000e+00,1.000000000000000000e+00,9.999997019767761230e-01,1.000000000000000000e+00,1.000000000000000000e+00,9.999998807907104492e-01,1.000000000000000000e+00,9.999999403953552246e-01,1.000000000000000000e+00,9.999992251396179199e-01,9.999951720237731934e-01,1.000000000000000000e+00
1.000000000000000000e+00,9.999999403953552246e-01,9.999967813491821289e-01,1.000000000000000000e+00,1.000000000000000000e+00,9.999998211860656738e-01,9.999995827674865723e-01,9.999997019767761230e-01,1.000000000000000000e+00,9.999998211860656738e-01,1.000000000000000000e+00,1.000000000000000000e+00
1.000000000000000000e+00,1.000000000000000000e+00,9.999998807907104492e-01,1.000000000000000000e+00,1.000000000000000000e+00,9.999991655349731445e-01,9.999988079071044922e-01,9.999995231628417969e-01,9.999998807907104492e-01,1.000000000000000000e+00,9.999997615814208984e-01,1.000000000000000000e+00
1.000000000000000000e+00,1.000000000000000000e+00,1.000000000000000000e+00,1.000000000000000000e+00,1.000000000000000000e+00,9.999999403953552246e-01,1.000000000000000000e+00,9.999998807907104492e-01,1.000000000000000000e+00,1.000000000000000000e+00,1.000000000000000000e+00,1.000000000000000000e+00
1.000000000000000000e+00,9.999998211860656738e-01,9.999998807907104492e-01,1.000000000000000000e+00,1.000000000000000000e+00,1.000000000000000000e+00,9.999998807907104492e-01,9.999957084655761719e-01,1.000000000000000000e+00,1.000000000000000000e+00,1.000000000000000000e+00,1.000000000000000000e+00
9.999999403953552246e-01,9.999796152114868164e-01,9.996854066848754883e-01,1.000000000000000000e+00,9.999465346336364746e-01,9.999685287475585938e-01,9.998021721839904785e-01,9.999146461486816406e-01,9.999423027038574219e-01,9.999998211860656738e-01,9.999976158142089844e-01,1.000000000000000000e+00
9.999998807907104492e-01,9.999837875366210938e-01,9.999281167984008789e-01,9.999974966049194336e-01,9.999881982803344727e-01,9.999232888221740723e-01,9.999988079071044922e-01,9.984577894210815430e-01,9.999660253524780273e-01,1.000000000000000000e+00,9.999997615814208984e-01,1.000000000000000000e+00
9.999998807907104492e-01,9.999630451202392578e-01,9.998061656951904297e-01,9.999967813491821289e-01,9.995787143707275391e-01,9.991848468780517578e-01,9.999889135360717773e-01,9.905586242675781250e-01,9.999018311500549316e-01,9.999996423721313477e-01,9.999985694885253906e-01,1.000000000000000000e+00
9.999997615814208984e-01,9.999653100967407227e-01,9.999842643737792969e-01,9.999991059303283691e-01,9.999971389770507812e-01,9.998666048049926758e-01,9.999952316284179688e-01,9.530551433563232422e-01,9.999997615814208984e-01,9.999812841415405273e-01,9.999995231628417969e-01,1.000000000000000000e+00
9.999994039535522461e-01,9.999995231628417969e-01,9.999992251396179199e-01,9.999988079071044922e-01,9.999885559082031250e-01,9.999966621398925781e-01,9.999977350234985352e-01,9.982619285583496094e-01,9.999998807907104492e-01,9.999949932098388672e-01,9.999999403953552246e-01,1.000000000000000000e+00
9.999986886978149414e-01,9.999989867210388184e-01,9.999994039535522461e-01,9.999934434890747070e-01,9.998950958251953125e-01,9.999974966049194336e-01,9.999883174896240234e-01,9.996783733367919922e-01,9.999998211860656738e-01,9.999684095382690430e-01,9.999994039535522461e-01,9.999998807907104492e-01
9.999998211860656738e-01,9.999997615814208984e-01,9.999999403953552246e-01,9.999104738235473633e-01,9.999986290931701660e-01,9.999994039535522461e-01,9.999798536300659180e-01,9.999933242797851562e-01,9.999992847442626953e-01,9.998280405998229980e-01,9.999997615814208984e-01,1.000000000000000000e+00
9.999732971191406250e-01,9.999932646751403809e-01,9.999874830245971680e-01,9.999283552169799805e-01,9.999765157699584961e-01,9.999787807464599609e-01,9.994274973869323730e-01,9.998156428337097168e-01,9.999593496322631836e-01,9.994732141494750977e-01,9.999903440475463867e-01,9.999896883964538574e-01
9.999948740005493164e-01,9.999744892120361328e-01,9.999244809150695801e-01,9.994704723358154297e-01,9.983645677566528320e-01,9.999909996986389160e-01,9.963257312774658203e-01,9.999850988388061523e-01,9.999783039093017578e-01,9.999526143074035645e-01,9.998626708984375000e-01,9.998198747634887695e-01
9.999992847442626953e-01,9.999476075172424316e-01,9.999989271163940430e-01,9.998866915702819824e-01,9.999626874923706055e-01,9.999997019767761230e-01,9.998888373374938965e-01,9.998599886894226074e-01,9.999995827674865723e-01,9.999997615814208984e-01,9.999986290931701660e-01,9.999976158142089844e-01
1.000000000000000000e+00,9.999310970306396484e-01,9.999679923057556152e-01,9.999955892562866211e-01,1.000000000000000000e+00,9.982772469520568848e-01,1.000000000000000000e+00,9.972232580184936523e-01,1.000000000000000000e+00,1.000000000000000000e+00,9.997583627700805664e-01,1.000000000000000000e+00
1.000000000000000000e+00,9.999999403953552246e-01,1.000000000000000000e+00,1.000000000000000000e+00,1.000000000000000000e+00,9.999654293060302734e-01,1.000000000000000000e+00,9.999997615814208984e-01,1.000000000000000000e+00,1.000000000000000000e+00,9.999955892562866211e-01,1.000000000000000000e+00
9.946985244750976562e-01,9.999983310699462891e-01,1.000000000000000000e+00,1.000000000000000000e+00,1.000000000000000000e+00,1.000000000000000000e+00,9.999974966049194336e-01,9.999877214431762695e-01,9.999997019767761230e-01,9.999998807907104492e-01,1.000000000000000000e+00,1.000000000000000000e+00
9.999960660934448242e-01,1.000000000000000000e+00,1.000000000000000000e+00,1.000000000000000000e+00,1.000000000000000000e+00,1.000000000000000000e+00,1.000000000000000000e+00,9.999983310699462891e-01,1.000000000000000000e+00,1.000000000000000000e+00,9.999998807907104492e-01,1.000000000000000000e+00
1.000000000000000000e+00,1.000000000000000000e+00,9.999796748161315918e-01,1.000000000000000000e+00,1.000000000000000000e+00,1.000000000000000000e+00,9.999998807907104492e-01,1.000000000000000000e+00,1.000000000000000000e+00,9.999996423721313477e-01,1.000000000000000000e+00,9.999998807907104492e-01
9.999999403953552246e-01,1.000000000000000000e+00,9.969581365585327148e-01,1.000000000000000000e+00,9.999997615814208984e-01,9.999977350234985352e-01,9.999998807907104492e-01,9.999981522560119629e-01,9.999998807907104492e-01,9.999943971633911133e-01,9.999937415122985840e-01,9.999969601631164551e-01
1.000000000000000000e+00,1.000000000000000000e+00,9.986046552658081055e-01,1.000000000000000000e+00,1.000000000000000000e+00,9.999999403953552246e-01,9.999988079071044922e-01,9.999995231628417969e-01,9.999998807907104492e-01,9.999933838844299316e-01,9.999962449073791504e-01,9.999948143959045410e-01
9.999949932098388672e-01,1.000000000000000000e+00,9.925440549850463867e-01,1.000000000000000000e+00,1.000000000000000000e+00,9.999990463256835938e-01,9.999948740005493164e-01,9.996924400329589844e-01,9.999966621398925781e-01,1.000000000000000000e+00,9.999998807907104492e-01,1.000000000000000000e+00
9.999948143959045410e-01,9.999997615814208984e-01,9.999985694885253906e-01,1.000000000000000000e+00,9.999998807907104492e-01,9.999998211860656738e-01,9.277427792549133301e-01,9.999796152114868164e-01,9.999831914901733398e-01,9.999995231628417969e-01,9.999980926513671875e-01,9.999997615814208984e-01
9.999800920486450195e-01,9.999883174896240234e-01,9.999984502792358398e-01,1.000000000000000000e+00,9.999766349792480469e-01,9.999838471412658691e-01,9.999190568923950195e-01,9.999966621398925781e-01,9.999995231628417969e-01,9.999777078628540039e-01,9.999767541885375977e-01,9.999998211860656738e-01
9.999837875366210938e-01,9.999603033065795898e-01,1.000000000000000000e+00,1.000000000000000000e+00,9.999942779541015625e-01,9.999994039535522461e-01,9.953555464744567871e-01,9.999992251396179199e-01,9.999941587448120117e-01,9.999996423721313477e-01,9.999997615814208984e-01,9.999989867210388184e-01
9.998719692230224609e-01,9.996777772903442383e-01,9.999988079071044922e-01,9.999989271163940430e-01,9.999998807907104492e-01,9.999784827232360840e-01,9.755674004554748535e-01,9.999092817306518555e-01,9.999600648880004883e-01,9.998079538345336914e-01,9.999985694885253906e-01,9.997392892837524414e-01
9.999426603317260742e-01,9.958448410034179688e-01,9.977636337280273438e-01,9.972633123397827148e-01,9.999990463256835938e-01,9.999972581863403320e-01,9.472745060920715332e-01,9.999815225601196289e-01,9.999574422836303711e-01,9.995611906051635742e-01,9.998471736907958984e-01,8.770709633827209473e-01
8.769073486328125000e-01,7.464816570281982422e-01,5.449978709220886230e-01,2.190371751785278320e-01,1.496863663196563721e-01,9.998263120651245117e-01,6.487877964973449707e-01,9.960803985595703125e-01,9.947711825370788574e-01,9.865220189094543457e-01,9.854850769042968750e-01,1.408228278160095215e-02
3.363069295883178711e-01,3.779134750366210938e-01,8.159294724464416504e-02,1.233273744583129883e-02,8.029401302337646484e-03,9.638553857803344727e-01,1.463613212108612061e-01,9.962400197982788086e-01,2.601789534091949463e-01,3.180204033851623535e-01,4.784279763698577881e-01,2.281683683395385742e-02
8.087915182113647461e-02,6.370238065719604492e-01,2.690511941909790039e-02,2.560466527938842773e-03,1.198291778564453125e-03,2.997840642929077148e-01,3.821027874946594238e-01,9.378656148910522461e-01,7.319739460945129395e-02,3.223502635955810547e-01,5.169391632080078125e-02,4.506266117095947266e-02
2.567172050476074219e-04,1.234167814254760742e-02,2.046495676040649414e-03,3.278255462646484375e-07,1.430511474609375000e-05,5.781650543212890625e-06,5.042216181755065918e-02,3.832578659057617188e-04,2.440810203552246094e-05,1.129478216171264648e-03,7.116794586181640625e-05,5.978345870971679688e-05
1.841336488723754883e-03,4.890662431716918945e-02,4.538178443908691406e-02,7.835030555725097656e-05,4.198253154754638672e-04,2.704262733459472656e-04,1.986962556838989258e-02,2.846717834472656250e-03,1.764059066772460938e-03,1.229465007781982422e-03,1.119375228881835938e-03,1.222312450408935547e-03
1.080536246299743652e-01,8.145522475242614746e-01,1.439693570137023926e-02,1.571387052536010742e-03,1.113748550415039062e-02,3.269663453102111816e-02,4.281231760978698730e-02,2.965465188026428223e-02,2.968814969062805176e-02,4.320591688156127930e-03,1.023194193840026855e-02,1.044404506683349609e-02
9.343960881233215332e-02,9.713678956031799316e-01,1.776876151561737061e-01,1.246628165245056152e-02,1.402121186256408691e-01,2.046822011470794678e-01,2.480064928531646729e-01,1.706151068210601807e-01,6.079154610633850098e-01,3.888601064682006836e-02,3.445869684219360352e-02,1.558391451835632324e-01
7.576469182968139648e-01,9.515177011489868164e-01,5.207906961441040039e-01,2.970066666603088379e-01,1.735243797302246094e-01,3.508769869804382324e-01,6.551959514617919922e-01,4.275088310241699219e-01,4.648229479789733887e-01,5.276411771774291992e-01,2.670366764068603516e-01,5.184124112129211426e-01
4.166022837162017822e-01,8.978738784790039062e-01,2.998456656932830811e-01,3.507426381111145020e-01,2.255350351333618164e-01,3.663879036903381348e-01,2.693906426429748535e-01,2.086372077465057373e-01,3.864130973815917969e-01,1.060656607151031494e-01,2.509960532188415527e-01,6.097724437713623047e-01
5.321840643882751465e-01,8.123195171356201172e-01,1.243659257888793945e-01,2.722769379615783691e-01,5.404475331306457520e-02,5.107100605964660645e-01,3.472409248352050781e-01,1.143167018890380859e-01,2.488510310649871826e-01,1.046243607997894287e-01,5.982738733291625977e-02,3.495638966560363770e-01
3.718015551567077637e-01,7.647483944892883301e-01,4.361754655838012695e-02,2.611225843429565430e-02,1.542791724205017090e-02,4.585371613502502441e-01,2.114414274692535400e-01,3.804680705070495605e-02,1.330034434795379639e-01,2.114218473434448242e-02,1.463207602500915527e-02,2.449168264865875244e-01
5.307269096374511719e-02,1.409880220890045166e-01,7.769680023193359375e-02,9.811848402023315430e-03,5.151897668838500977e-03,1.340830624103546143e-01,9.360682964324951172e-02,2.961909770965576172e-02,4.848536849021911621e-02,6.259441375732421875e-03,4.385918378829956055e-03,7.884782552719116211e-02
1.019312739372253418e-01,2.985590696334838867e-02,3.211366832256317139e-01,1.838311553001403809e-02,1.997411251068115234e-03,7.622471451759338379e-02,1.996702253818511963e-01,7.518938183784484863e-02,1.146718859672546387e-01,7.467889785766601562e-02,2.729439735412597656e-02,4.541981220245361328e-02
8.916316628456115723e-01,7.009984850883483887e-01,5.985059738159179688e-01,7.681511044502258301e-01,5.695605874061584473e-01,8.236458897590637207e-01,5.894566178321838379e-01,6.345064640045166016e-01,7.004497647285461426e-01,7.486997842788696289e-01,6.810774803161621094e-01,5.754811763763427734e-01
4.776450991630554199e-01,5.609778761863708496e-01,3.782927989959716797e-01,6.375398635864257812e-01,2.464732229709625244e-01,7.346932888031005859e-01,4.243644475936889648e-01,5.530566573143005371e-01,4.553318023681640625e-01,8.526563644409179688e-01,4.303112328052520752e-01,2.265664041042327881e-01
7.068026065826416016e-01,8.463591337203979492e-01,6.144630908966064453e-01,8.434420824050903320e-01,8.223817348480224609e-01,8.226304054260253906e-01,3.904587030410766602e-01,8.262071609497070312e-01,3.968564867973327637e-01,9.301113486289978027e-01,7.864723801612854004e-01,3.961969614028930664e-01
4.790539443492889404e-01,4.517756998538970947e-01,3.081237673759460449e-01,7.732769250869750977e-01,1.303175389766693115e-01,5.239352583885192871e-01,2.667814493179321289e-01,8.666303157806396484e-01,3.223125934600830078e-01,8.215140104293823242e-01,4.814784526824951172e-01,4.963768124580383301e-01
9.227073192596435547e-02,2.306661009788513184e-01,5.533277988433837891e-02,6.067019104957580566e-01,4.653534293174743652e-02,1.831214427947998047e-01,1.630008220672607422e-01,5.291771888732910156e-01,1.533530056476593018e-01,4.989272356033325195e-01,3.439201712608337402e-01,2.569950520992279053e-01
5.954272150993347168e-01,6.169511675834655762e-01,2.329841852188110352e-01,6.303545236587524414e-01,3.882320523262023926e-01,6.369788050651550293e-01,4.008141458034515381e-01,4.888782501220703125e-01,4.501105844974517822e-01,6.693205237388610840e-01,5.772962570190429688e-01,2.273698449134826660e-01
6.649361252784729004e-01,9.790760278701782227e-01,7.501899600028991699e-01,7.883768081665039062e-01,7.803343534469604492e-01,5.890189409255981445e-01,2.011752128601074219e-01,7.803213000297546387e-01,5.519355535507202148e-01,5.699639916419982910e-01,2.474678158760070801e-01,7.356835007667541504e-01
9.624977707862854004e-01,9.927300214767456055e-01,9.738060832023620605e-01,9.662353992462158203e-01,9.731315374374389648e-01,9.078950881958007812e-01,2.815551161766052246e-01,9.811438322067260742e-01,6.848279833793640137e-01,8.853290081024169922e-01,5.267956852912902832e-01,9.682948589324951172e-01
9.681940078735351562e-01,9.938793182373046875e-01,9.987874031066894531e-01,9.015566110610961914e-01,9.925450682640075684e-01,6.997699737548828125e-01,1.510168015956878662e-01,9.914093017578125000e-01,5.942212939262390137e-01,8.816271424293518066e-01,8.312386870384216309e-01,9.812767505645751953e-01
9.913328886032104492e-01,9.444710016250610352e-01,9.940800666809082031e-01,6.452400684356689453e-01,9.085704088211059570e-01,9.736647605895996094e-01,8.560323715209960938e-01,9.979641437530517578e-01,6.748540401458740234e-01,7.176001071929931641e-01,8.468674421310424805e-01,8.536225557327270508e-01
9.156197309494018555e-01,8.408367633819580078e-01,3.854517340660095215e-01,5.643268227577209473e-01,1.253879666328430176e-01,9.957404732704162598e-01,3.508300781250000000e-01,9.527571201324462891e-01,7.343957424163818359e-01,2.408710718154907227e-01,9.117261171340942383e-01,1.804139018058776855e-01
9.967506527900695801e-01,9.853617548942565918e-01,4.972626566886901855e-01,9.384863972663879395e-01,7.751982808113098145e-01,9.996683597564697266e-01,6.367928981781005859e-01,9.541637897491455078e-01,9.781842231750488281e-01,5.652769804000854492e-01,9.745397567749023438e-01,3.423339724540710449e-01
9.960206747055053711e-01,9.779387712478637695e-01,6.716603636741638184e-01,9.558730125427246094e-01,8.831944465637207031e-01,9.994050264358520508e-01,6.999212503433227539e-01,9.241715669631958008e-01,9.995945692062377930e-01,9.524221420288085938e-01,9.994549751281738281e-01,4.340653419494628906e-01
9.939534664154052734e-01,9.843970537185668945e-01,9.418727159500122070e-01,9.799262285232543945e-01,9.919827580451965332e-01,9.953111410140991211e-01,9.940608143806457520e-01,8.966194391250610352e-01,9.998996853828430176e-01,9.943990707397460938e-01,9.990257024765014648e-01,9.891368746757507324e-01
9.976317882537841797e-01,9.955792427062988281e-01,9.909133911132812500e-01,9.958552718162536621e-01,9.984848499298095703e-01,9.990980625152587891e-01,9.787296056747436523e-01,9.860876798629760742e-01,9.983658790588378906e-01,9.983930587768554688e-01,9.980885386466979980e-01,9.536540508270263672e-01
9.995724558830261230e-01,9.970783591270446777e-01,9.998909235000610352e-01,9.990553855895996094e-01,9.998922348022460938e-01,9.987752437591552734e-01,9.998773336410522461e-01,9.459497928619384766e-01,9.970328807830810547e-01,9.999981522560119629e-01,9.999414086341857910e-01,9.999813437461853027e-01
9.961153268814086914e-01,9.996157884597778320e-01,9.996395111083984375e-01,9.996774196624755859e-01,9.999021291732788086e-01,9.996851086616516113e-01,9.993672370910644531e-01,9.858241081237792969e-01,9.985824823379516602e-01,9.995814561843872070e-01,9.999594688415527344e-01,9.938988685607910156e-01
9.953352212905883789e-01,9.999790191650390625e-01,9.999722242355346680e-01,9.999996423721313477e-01,9.998991489410400391e-01,9.998639822006225586e-01,9.995748400688171387e-01,9.989488720893859863e-01,9.993946552276611328e-01,1.000000000000000000e+00,9.999999403953552246e-01,9.999965429306030273e-01
9.998785257339477539e-01,9.997663497924804688e-01,9.999206066131591797e-01,9.999974966049194336e-01,9.999977350234985352e-01,9.982684850692749023e-01,9.985089302062988281e-01,9.911856651306152344e-01,9.999493360519409180e-01,9.999746084213256836e-01,9.997820258140563965e-01,9.989223480224609375e-01
1.000000000000000000e+00,9.998340606689453125e-01,9.997953176498413086e-01,9.993405342102050781e-01,9.999937415122985840e-01,9.999632835388183594e-01,9.964615702629089355e-01,9.933228492736816406e-01,9.992096424102783203e-01,9.999991059303283691e-01,9.999953508377075195e-01,9.999965429306030273e-01
9.999998807907104492e-01,9.998733997344970703e-01,9.977005720138549805e-01,9.982523918151855469e-01,9.998153448104858398e-01,9.929898977279663086e-01,9.978785514831542969e-01,3.972143530845642090e-01,9.993010759353637695e-01,9.999986886978149414e-01,9.973630905151367188e-01,1.000000000000000000e+00
1.000000000000000000e+00,9.999939203262329102e-01,9.999991059303283691e-01,9.999990463256835938e-01,9.999998211860656738e-01,9.999781847000122070e-01,9.967030882835388184e-01,9.740609526634216309e-01,9.999405145645141602e-01,1.000000000000000000e+00,9.999998211860656738e-01,1.000000000000000000e+00
1.000000000000000000e+00,9.999949932098388672e-01,9.999681711196899414e-01,9.999833106994628906e-01,9.999905824661254883e-01,9.990938901901245117e-01,9.971609115600585938e-01,9.995660781860351562e-01,9.964761734008789062e-01,1.000000000000000000e+00,9.997722506523132324e-01,1.000000000000000000e+00
9.999998807907104492e-01,9.987735748291015625e-01,9.994076490402221680e-01,9.999038577079772949e-01,9.999977350234985352e-01,3.337342143058776855e-01,9.999911785125732422e-01,6.488134860992431641e-01,9.945986866950988770e-01,9.999997615814208984e-01,9.993922710418701172e-01,1.000000000000000000e+00
9.996840953826904297e-01,9.982059001922607422e-01,9.980771541595458984e-01,9.988964796066284180e-01,9.999877214431762695e-01,5.676170587539672852e-01,9.976404309272766113e-01,9.539666771888732910e-01,9.994903802871704102e-01,9.916018247604370117e-01,9.949148893356323242e-01,9.999980330467224121e-01
9.999994635581970215e-01,9.999938011169433594e-01,9.999186992645263672e-01,9.999433755874633789e-01,9.999963045120239258e-01,9.997360706329345703e-01,9.999064207077026367e-01,9.963733553886413574e-01,9.999998807907104492e-01,9.978912472724914551e-01,9.998058080673217773e-01,9.999984502792358398e-01
9.999997615814208984e-01,9.999998807907104492e-01,9.999998807907104492e-01,9.999845623970031738e-01,9.998185634613037109e-01,9.931289553642272949e-01,9.999229907989501953e-01,9.998182058334350586e-01,9.999998807907104492e-01,9.999997019767761230e-01,9.944231510162353516e-01,9.999974966049194336e-01
9.999996423721313477e-01,9.999912381172180176e-01,9.999993443489074707e-01,9.984691143035888672e-01,9.999999403953552246e-01,9.999865293502807617e-01,9.990192651748657227e-01,9.997926950454711914e-01,9.999941587448120117e-01,9.998854398727416992e-01,9.999939799308776855e-01,9.999986290931701660e-01
9.994975328445434570e-01,9.991703033447265625e-01,9.996935129165649414e-01,9.928975105285644531e-01,9.998310804367065430e-01,9.999022483825683594e-01,9.987515211105346680e-01,9.992852807044982910e-01,9.999569654464721680e-01,9.996948242187500000e-01,9.999847412109375000e-01,9.996814727783203125e-01
9.999997615814208984e-01,9.999939203262329102e-01,9.999995231628417969e-01,9.999490976333618164e-01,9.999997615814208984e-01,9.999330043792724609e-01,9.999997615814208984e-01,9.996544122695922852e-01,9.999998807907104492e-01,1.000000000000000000e+00,9.999948143959045410e-01,9.999998807907104492e-01
9.999996423721313477e-01,9.999707937240600586e-01,9.992898702621459961e-01,9.999926090240478516e-01,9.999910593032836914e-01,9.999517202377319336e-01,9.999939203262329102e-01,9.905170798301696777e-01,9.999998807907104492e-01,9.999975562095642090e-01,9.996073842048645020e-01,9.999883174896240234e-01
9.999998807907104492e-01,9.999923706054687500e-01,9.999995827674865723e-01,9.999986290931701660e-01,1.000000000000000000e+00,9.996549487113952637e-01,9.999939203262329102e-01,9.956200122833251953e-01,9.999998807907104492e-01,9.999991655349731445e-01,9.999910593032836914e-01,1.000000000000000000e+00
9.999997615814208984e-01,9.999961256980895996e-01,1.000000000000000000e+00,1.000000000000000000e+00,1.000000000000000000e+00,1.000000000000000000e+00,1.000000000000000000e+00,9.999976158142089844e-01,9.999989867210388184e-01,1.000000000000000000e+00,1.000000000000000000e+00,1.000000000000000000e+00
9.999999403953552246e-01,9.999859929084777832e-01,1.000000000000000000e+00,9.999998807907104492e-01,1.000000000000000000e+00,1.000000000000000000e+00,9.999997615814208984e-01,9.999735951423645020e-01,9.999992251396179199e-01,9.999983310699462891e-01,1.000000000000000000e+00,1.000000000000000000e+00
1.000000000000000000e+00,9.999852776527404785e-01,9.999999403953552246e-01,9.999998807907104492e-01,1.000000000000000000e+00,9.999998807907104492e-01,9.999996423721313477e-01,9.998717308044433594e-01,9.999915361404418945e-01,9.999988079071044922e-01,1.000000000000000000e+00,1.000000000000000000e+00
9.999979734420776367e-01,9.999941587448120117e-01,9.999493360519409180e-01,9.999994039535522461e-01,9.999997615814208984e-01,9.999998211860656738e-01,9.999999403953552246e-01,9.999467134475708008e-01,9.999989271163940430e-01,9.999992847442626953e-01,1.000000000000000000e+00,9.999997615814208984e-01
9.999998807907104492e-01,9.999998211860656738e-01,9.741121530532836914e-01,1.000000000000000000e+00,9.999972581863403320e-01,9.999804496765136719e-01,9.999999403953552246e-01,9.999997615814208984e-01,1.000000000000000000e+00,9.999914169311523438e-01,9.999997019767761230e-01,9.999886751174926758e-01
9.999854564666748047e-01,1.000000000000000000e+00,9.999918937683105469e-01,1.000000000000000000e+00,9.999998807907104492e-01,9.999781847000122070e-01,9.999442100524902344e-01,9.998552799224853516e-01,1.000000000000000000e+00,1.000000000000000000e+00,1.000000000000000000e+00,9.999998807907104492e-01
1.000000000000000000e+00,1.000000000000000000e+00,9.907961487770080566e-01,1.000000000000000000e+00,1.000000000000000000e+00,9.999115467071533203e-01,9.999971389770507812e-01,9.999955296516418457e-01,1.000000000000000000e+00,9.999989271163940430e-01,9.999928474426269531e-01,9.999989271163940430e-01
1.000000000000000000e+00,9.999998807907104492e-01,9.997345209121704102e-01,1.000000000000000000e+00,1.000000000000000000e+00,9.999995827674865723e-01,9.999994039535522461e-01,9.999988079071044922e-01,1.000000000000000000e+00,9.999982118606567383e-01,9.999996423721313477e-01,9.999908804893493652e-01
9.999998807907104492e-01,1.000000000000000000e+00,1.000000000000000000e+00,1.000000000000000000e+00,1.000000000000000000e+00,9.999984502792358398e-01,9.999996423721313477e-01,9.999982118606567383e-01,1.000000000000000000e+00,1.000000000000000000e+00,1.000000000000000000e+00,1.000000000000000000e+00
9.999991655349731445e-01,9.999805688858032227e-01,9.999980330467224121e-01,9.999997615814208984e-01,1.000000000000000000e+00,9.983259439468383789e-01,9.984074234962463379e-01,9.992070198059082031e-01,9.999738335609436035e-01,9.999979734420776367e-01,9.999946951866149902e-01,9.999999403953552246e-01
9.999983310699462891e-01,9.999943971633911133e-01,9.999223947525024414e-01,1.000000000000000000e+00,9.999982118606567383e-01,9.999964237213134766e-01,9.987910985946655273e-01,9.994603395462036133e-01,9.999419450759887695e-01,9.999964237213134766e-01,9.999229907989501953e-01,9.999923110008239746e-01
1.000000000000000000e+00,1.000000000000000000e+00,9.999972581863403320e-01,9.999999403953552246e-01,1.000000000000000000e+00,9.999490976333618164e-01,9.999630451202392578e-01,9.999996423721313477e-01,9.999988079071044922e-01,9.999965429306030273e-01,9.999303817749023438e-01,1.000000000000000000e+00
1.000000000000000000e+00,1.000000000000000000e+00,9.999177455902099609e-01,9.999999403953552246e-01,1.000000000000000000e+00,9.996963143348693848e-01,9.999994635581970215e-01,9.999983310699462891e-01,1.000000000000000000e+00,9.999989867210388184e-01,9.982429742813110352e-01,1.000000000000000000e+00
1.000000000000000000e+00,1.000000000000000000e+00,9.999916553497314453e-01,1.000000000000000000e+00,1.000000000000000000e+00,9.999985694885253906e-01,9.999467134475708008e-01,9.999998211860656738e-01,9.999978542327880859e-01,9.999983310699462891e-01,9.999841451644897461e-01,1.000000000000000000e+00
9.999955296516418457e-01,9.999997615814208984e-01,9.999992847442626953e-01,9.999996423721313477e-01,1.000000000000000000e+00,1.000000000000000000e+00,9.999994039535522461e-01,1.000000000000000000e+00,9.999997615814208984e-01,9.999931454658508301e-01,9.999998211860656738e-01,9.999848604202270508e-01
9.999995231628417969e-01,9.999988079071044922e-01,9.999944567680358887e-01,9.999996423721313477e-01,1.000000000000000000e+00,1.000000000000000000e+00,9.999996423721313477e-01,9.999356269836425781e-01,9.999999403953552246e-01,9.999930262565612793e-01,9.999998211860656738e-01,9.999991655349731445e-01
9.999728202819824219e-01,9.999665617942810059e-01,1.000000000000000000e+00,9.999850392341613770e-01,9.999998807907104492e-01,9.999765157699584961e-01,9.993686676025390625e-01,9.993137121200561523e-01,9.999656677246093750e-01,9.999846220016479492e-01,9.999992251396179199e-01,9.999998807907104492e-01
9.999997615814208984e-01,9.998971223831176758e-01,9.997240304946899414e-01,9.999506473541259766e-01,9.999982118606567383e-01,9.995125532150268555e-01,9.992978572845458984e-01,9.997032880783081055e-01,9.843943119049072266e-01,9.999911189079284668e-01,9.987148046493530273e-01,1.000000000000000000e+00
6.484932303428649902e-01,9.948452115058898926e-01,9.748457670211791992e-01,5.834816694259643555e-01,9.847224950790405273e-01,8.647019863128662109e-01,8.141254186630249023e-01,9.998011589050292969e-01,9.535214900970458984e-01,7.333023548126220703e-01,8.408625721931457520e-01,1.014157831668853760e-01
3.663517832756042480e-01,7.463922500610351562e-01,1.420949399471282959e-01,8.960602879524230957e-01,4.835611283779144287e-01,5.277521610260009766e-01,5.075189471244812012e-01,9.088937044143676758e-01,8.690006732940673828e-01,8.089582920074462891e-01,1.023753881454467773e-01,6.473177671432495117e-02
3.269208669662475586e-01,4.775293469429016113e-01,9.349446296691894531e-01,9.753264188766479492e-01,1.283532381057739258e-01,7.843177318572998047e-01,4.724847078323364258e-01,8.838613033294677734e-01,6.035985350608825684e-01,8.492728471755981445e-01,8.505523204803466797e-01,4.185023009777069092e-01
8.849585652351379395e-01,9.663230180740356445e-01,9.961441755294799805e-01,9.997044801712036133e-01,9.136863946914672852e-01,7.436784505844116211e-01,3.660923242568969727e-01,9.902039766311645508e-01,7.229312658309936523e-01,9.899251461029052734e-01,9.874520897865295410e-01,9.821836948394775391e-01
9.997754693031311035e-01,9.998352527618408203e-01,9.985893964767456055e-01,9.996880292892456055e-01,9.999616146087646484e-01,9.992707371711730957e-01,9.977785348892211914e-01,9.980388879776000977e-01,9.980127811431884766e-01,9.990749359130859375e-01,9.988954067230224609e-01,9.999980926513671875e-01
9.999710321426391602e-01,9.999946951866149902e-01,9.999706745147705078e-01,9.996689558029174805e-01,9.999991655349731445e-01,9.978693723678588867e-01,9.998571276664733887e-01,9.943547248840332031e-01,9.999759793281555176e-01,9.988894462585449219e-01,9.830291271209716797e-01,9.999953508377075195e-01
9.999328851699829102e-01,9.999951124191284180e-01,9.999908804893493652e-01,9.995111823081970215e-01,9.999998807907104492e-01,9.999882578849792480e-01,9.996446371078491211e-01,9.987938404083251953e-01,9.999976158142089844e-01,9.923499822616577148e-01,9.994354844093322754e-01,9.999985694885253906e-01
9.988240003585815430e-01,9.997967481613159180e-01,9.999408125877380371e-01,9.848326444625854492e-01,9.999508261680603027e-01,9.992115497589111328e-01,5.502896308898925781e-01,9.998501539230346680e-01,9.999703168869018555e-01,8.811177015304565430e-01,9.991472363471984863e-01,9.218916893005371094e-01
9.994413852691650391e-01,9.947266578674316406e-01,9.994603395462036133e-01,9.997202754020690918e-01,9.997756481170654297e-01,9.950433373451232910e-01,9.793918728828430176e-01,9.999330043792724609e-01,9.997942447662353516e-01,9.932591319084167480e-01,9.994654059410095215e-01,9.918688535690307617e-01
9.988512992858886719e-01,9.746037721633911133e-01,9.642248153686523438e-01,9.989110231399536133e-01,9.994131326675415039e-01,9.993305206298828125e-01,9.888115525245666504e-01,9.996799826622009277e-01,9.884560108184814453e-01,9.946753978729248047e-01,9.981625080108642578e-01,9.083033800125122070e-01
9.999998807907104492e-01,9.997627735137939453e-01,9.764899015426635742e-01,9.995525479316711426e-01,9.999672174453735352e-01,9.999991655349731445e-01,9.816085696220397949e-01,9.993293881416320801e-01,9.999580383300781250e-01,9.994952082633972168e-01,9.975793957710266113e-01,9.943130016326904297e-01
1.000000000000000000e+00,9.999430179595947266e-01,9.983936548233032227e-01,9.994753599166870117e-01,9.999848604202270508e-01,9.999994039535522461e-01,9.996681213378906250e-01,9.999448657035827637e-01,9.999996423721313477e-01,9.999728798866271973e-01,9.998818635940551758e-01,9.999855160713195801e-01
9.999902844429016113e-01,9.982414245605468750e-01,9.971740245819091797e-01,9.552620053291320801e-01,9.968681335449218750e-01,9.971439838409423828e-01,9.999986886978149414e-01,9.999333024024963379e-01,9.998546242713928223e-01,9.998104572296142578e-01,9.885662794113159180e-01,9.990612268447875977e-01
9.987592697143554688e-01,9.997347593307495117e-01,1.000000000000000000e+00,9.932725429534912109e-01,9.999994039535522461e-01,9.999991655349731445e-01,1.000000000000000000e+00,9.992260336875915527e-01,9.999987483024597168e-01,9.999999403953552246e-01,9.997497797012329102e-01,9.999957680702209473e-01
9.928575754165649414e-01,9.999997615814208984e-01,1.000000000000000000e+00,1.000000000000000000e+00,1.000000000000000000e+00,1.000000000000000000e+00,1.000000000000000000e+00,9.999908208847045898e-01,9.999998807907104492e-01,1.000000000000000000e+00,1.000000000000000000e+00,1.000000000000000000e+00
9.999999403953552246e-01,1.000000000000000000e+00,1.000000000000000000e+00,1.000000000000000000e+00,1.000000000000000000e+00,1.000000000000000000e+00,9.999997615814208984e-01,1.000000000000000000e+00,1.000000000000000000e+00,1.000000000000000000e+00,1.000000000000000000e+00,1.000000000000000000e+00
9.999994635581970215e-01,9.999997615814208984e-01,9.999998807907104492e-01,9.999984502792358398e-01,9.999452829360961914e-01,1.000000000000000000e+00,9.998412132263183594e-01,9.999986290931701660e-01,9.999998807907104492e-01,1.000000000000000000e+00,1.000000000000000000e+00,1.000000000000000000e+00
9.999908208847045898e-01,9.999936223030090332e-01,9.998428225517272949e-01,9.999964237213134766e-01,9.999976158142089844e-01,9.999686479568481445e-01,9.828574061393737793e-01,9.991228580474853516e-01,9.999992251396179199e-01,9.999997615814208984e-01,1.000000000000000000e+00,9.999996423721313477e-01
9.997841119766235352e-01,9.992264509201049805e-01,9.803100824356079102e-01,9.999668598175048828e-01,9.998686313629150391e-01,9.997227787971496582e-01,9.757103919982910156e-01,9.999989271163940430e-01,9.999989867210388184e-01,9.866948723793029785e-01,9.999854564666748047e-01,9.970098733901977539e-01
9.372183084487915039e-01,9.996032714843750000e-01,9.980149269104003906e-01,9.980338811874389648e-01,9.139206409454345703e-01,9.990911483764648438e-01,4.604140222072601318e-01,9.911068081855773926e-01,9.979347586631774902e-01,9.869767427444458008e-01,9.999760389328002930e-01,9.948544502258300781e-01
9.744751453399658203e-01,8.225616216659545898e-01,8.705581426620483398e-01,3.406214714050292969e-01,9.236563444137573242e-01,7.772299051284790039e-01,7.488653063774108887e-01,9.991303682327270508e-01,9.912894964218139648e-01,9.299068450927734375e-01,9.696055054664611816e-01,1.472369432449340820e-01
9.990720152854919434e-01,9.748654365539550781e-01,9.459331035614013672e-01,9.998843669891357422e-01,9.916672110557556152e-01,9.990526437759399414e-01,9.912824630737304688e-01,9.950982332229614258e-01,9.925544261932373047e-01,3.479447960853576660e-01,9.284287691116333008e-01,3.927789926528930664e-01
9.994683861732482910e-01,9.910886883735656738e-01,9.965773224830627441e-01,9.970552921295166016e-01,9.987598657608032227e-01,8.974221944808959961e-01,9.534264802932739258e-01,9.991964101791381836e-01,9.125062227249145508e-01,9.963420033454895020e-01,9.440572261810302734e-01,9.993368983268737793e-01
9.981433749198913574e-01,9.742144942283630371e-01,9.640225172042846680e-01,9.772542715072631836e-01,9.885842204093933105e-01,9.972279071807861328e-01,9.384539723396301270e-01,9.961769580841064453e-01,9.513051509857177734e-01,9.927872419357299805e-01,9.417554140090942383e-01,9.880615472793579102e-01
9.976310133934020996e-01,9.645839333534240723e-01,8.947563767433166504e-01,8.902109861373901367e-01,9.911423921585083008e-01,9.933655261993408203e-01,4.602852165699005127e-01,9.979714155197143555e-01,9.062366485595703125e-01,9.713690876960754395e-01,9.942921400070190430e-01,9.855539798736572266e-01
9.971016645431518555e-01,9.909062385559082031e-01,9.965533018112182617e-01,9.820808172225952148e-01,9.990081787109375000e-01,9.702508449554443359e-01,8.194775581359863281e-01,9.993346929550170898e-01,9.973048567771911621e-01,9.970830082893371582e-01,9.984058141708374023e-01,9.983407855033874512e-01
6.013226509094238281e-01,5.820645093917846680e-01,4.329040646553039551e-01,8.245787024497985840e-02,5.687127709388732910e-01,3.020102977752685547e-01,1.629589498043060303e-01,3.149000406265258789e-01,7.898299694061279297e-01,7.054694890975952148e-01,9.070145487785339355e-01,6.771337985992431641e-01
2.016488313674926758e-01,1.758444309234619141e-02,1.558470726013183594e-02,4.593184590339660645e-02,1.232087612152099609e-02,8.429530262947082520e-02,8.993923664093017578e-03,6.812006235122680664e-02,3.398633003234863281e-02,2.750229835510253906e-02,6.813991069793701172e-02,1.648947596549987793e-02
1.281935572624206543e-01,1.531013846397399902e-02,3.400713205337524414e-03,1.074841618537902832e-02,9.164303541183471680e-03,1.104316115379333496e-02,3.581821918487548828e-03,1.246091723442077637e-02,6.791085004806518555e-03,5.784451961517333984e-03,2.091494202613830566e-02,1.991495490074157715e-02
5.551874637603759766e-04,1.991391181945800781e-04,1.737773418426513672e-04,5.897879600524902344e-05,1.778006553649902344e-04,7.858872413635253906e-05,1.951456069946289062e-04,4.231929779052734375e-04,2.011954784393310547e-04,1.707971096038818359e-04,2.099871635437011719e-04,6.330311298370361328e-04
8.147388696670532227e-03,2.019181847572326660e-02,2.511769533157348633e-03,1.108705997467041016e-03,8.134722709655761719e-03,1.469433307647705078e-03,1.042306423187255859e-03,1.456886529922485352e-03,1.548737287521362305e-03,1.661777496337890625e-03,1.014962792396545410e-02,5.895048379898071289e-03
1.959472894668579102e-02,2.016738057136535645e-02,3.710645437240600586e-02,4.429757595062255859e-03,7.347106933593750000e-03,8.296036720275878906e-02,3.601536154747009277e-02,1.365756988525390625e-02,4.246363043785095215e-02,5.813658237457275391e-03,1.436090469360351562e-02,3.112536668777465820e-02
3.050377964973449707e-02,3.122383356094360352e-02,4.401504993438720703e-04,1.997864246368408203e-02,2.219527959823608398e-03,9.340238571166992188e-02,2.800673246383666992e-03,1.491606235504150391e-02,7.933300733566284180e-02,2.042293548583984375e-03,1.014972031116485596e-01,1.696425676345825195e-02
2.109897136688232422e-02,1.969099044799804688e-02,1.936703920364379883e-03,1.331287622451782227e-02,8.923709392547607422e-04,3.138124942779541016e-03,1.028546690940856934e-02,6.150603294372558594e-03,2.448430657386779785e-02,3.574907779693603516e-03,1.590579748153686523e-03,1.487335562705993652e-02
4.782031476497650146e-01,3.592941164970397949e-02,1.454910635948181152e-02,2.806444168090820312e-01,5.925685167312622070e-03,1.054137349128723145e-01,5.233010649681091309e-02,1.301826238632202148e-01,8.314341306686401367e-03,1.121288537979125977e-02,6.104295253753662109e-01,8.398559689521789551e-02
4.180764555931091309e-01,9.126347303390502930e-02,4.694205522537231445e-02,5.867689847946166992e-02,8.751779794692993164e-03,1.569073498249053955e-01,9.975865483283996582e-02,1.121886968612670898e-01,4.718947410583496094e-02,3.528931736946105957e-02,4.243701696395874023e-01,2.937042713165283203e-01
5.306843519210815430e-01,4.416241049766540527e-01,3.598508238792419434e-02,8.750808238983154297e-02,1.553475856781005859e-02,1.003692150115966797e-01,2.406804859638214111e-01,8.482936024665832520e-02,4.354125261306762695e-02,5.378298163414001465e-01,6.660455465316772461e-01,1.235464215278625488e-01
2.795031666755676270e-02,7.364898920059204102e-02,1.089993119239807129e-02,1.999706029891967773e-03,6.467103958129882812e-04,3.274768590927124023e-03,2.694192528724670410e-02,3.086388111114501953e-03,3.254741430282592773e-03,8.562564849853515625e-03,1.224261522293090820e-02,2.878963947296142578e-03
5.429387092590332031e-04,2.189054489135742188e-01,2.396702766418457031e-04,2.285838127136230469e-05,3.118515014648437500e-04,7.182359695434570312e-05,1.116868853569030762e-02,2.885460853576660156e-04,4.904270172119140625e-04,1.188516616821289062e-04,2.921521663665771484e-04,1.299679279327392578e-03
2.485096454620361328e-03,1.870416104793548584e-01,3.661513328552246094e-04,6.103515625000000000e-05,1.617699861526489258e-03,2.121925354003906250e-05,1.160335540771484375e-02,6.651580333709716797e-04,2.121925354003906250e-04,1.477003097534179688e-04,4.556477069854736328e-04,2.602458000183105469e-03
2.208381891250610352e-03,1.185659468173980713e-01,5.481243133544921875e-04,1.553595066070556641e-04,1.323014497756958008e-03,3.328919410705566406e-05,9.999334812164306641e-03,5.155503749847412109e-04,3.190040588378906250e-04,1.747608184814453125e-04,3.914237022399902344e-04,2.669572830200195312e-03
1.835227012634277344e-03,1.289502680301666260e-01,7.494986057281494141e-04,1.405179500579833984e-04,9.779334068298339844e-04,1.689791679382324219e-05,7.640093564987182617e-03,5.899071693420410156e-04,3.565549850463867188e-04,2.013444900512695312e-04,6.107687950134277344e-04,2.346128225326538086e-03
1.420974731445312500e-03,1.101770997047424316e-01,6.137490272521972656e-04,1.135468482971191406e-04,7.681846618652343750e-04,1.239776611328125000e-05,6.368845701217651367e-03,5.083978176116943359e-04,2.928972244262695312e-04,1.522600650787353516e-04,4.701018333435058594e-04,1.906961202621459961e-03
1.270771026611328125e-03,1.035080254077911377e-01,5.575120449066162109e-04,9.572505950927734375e-05,6.792247295379638672e-04,1.016259193420410156e-05,6.144076585769653320e-03,4.559159278869628906e-04,2.747476100921630859e-04,1.324415206909179688e-04,4.064440727233886719e-04,1.703500747680664062e-03
